1 0.461029 0.815686 0.058824 0.060131
1 0.452574 0.753595 0.052206 0.048366
1 0.548162 0.858170 0.065441 0.069281
1 0.702941 0.862092 0.080882 0.061438
1 0.676838 0.913725 0.094853 0.083660
1 0.599632 0.923529 0.090441 0.077124
1 0.625000 0.964706 0.102941 0.067974
1 0.761029 0.977778 0.091176 0.039216
1 0.870221 0.867974 0.091912 0.065359
1 0.659559 0.764706 0.057353 0.047059
0 0.869118 0.824837 0.010294 0.033987
0 0.884926 0.800654 0.009559 0.043137
0 0.872059 0.798039 0.008824 0.040523
0 0.876471 0.771895 0.005882 0.030065
0 0.886765 0.773203 0.008824 0.035294
1 0.941176 0.808497 0.082353 0.058824
1 0.381250 0.632680 0.030147 0.023529
1 0.371691 0.615686 0.030147 0.026144
1 0.355515 0.611111 0.025735 0.022222
1 0.341176 0.607190 0.026471 0.022222