1 0.592187 0.653241 0.040625 0.076852
1 0.515885 0.541204 0.031771 0.069444
1 0.528125 0.406019 0.020833 0.034259
1 0.961979 0.626389 0.060417 0.071296
1 0.815885 0.426852 0.046354 0.040741
1 0.839583 0.405093 0.047917 0.032407
1 0.826302 0.396296 0.046354 0.029630
1 0.480469 0.298148 0.010937 0.020370
1 0.460417 0.271759 0.010417 0.015741
1 0.478906 0.284722 0.010937 0.017593
1 0.477865 0.269444 0.009896 0.014815
1 0.476823 0.251852 0.008854 0.012963
1 0.458854 0.209259 0.006250 0.012963
1 0.472396 0.227315 0.008333 0.012037
1 0.489323 0.236111 0.007812 0.016667
1 0.451823 0.219444 0.006771 0.014815
1 0.468490 0.200926 0.005729 0.007407