1 0.177206 0.777124 0.067647 0.134641
1 0.251103 0.590850 0.047794 0.088889
1 0.204779 0.583660 0.050735 0.084967
1 0.277574 0.386275 0.030147 0.048366
1 0.238603 0.371242 0.028676 0.041830
0 0.165809 0.542484 0.018382 0.052288
0 0.167647 0.535948 0.013235 0.044444
1 0.959559 0.609150 0.077941 0.073203
1 0.554044 0.550327 0.072794 0.062745
0 0.503676 0.476471 0.014706 0.040523
1 0.827574 0.526797 0.066912 0.067974
0 0.979779 0.332026 0.008088 0.028758
1 0.987132 0.297386 0.025735 0.037908
0 0.951838 0.380392 0.006618 0.039216
0 0.813235 0.279739 0.005882 0.026144
0 0.775368 0.322876 0.006618 0.028758
1 0.783456 0.301307 0.036029 0.027451
1 0.800368 0.252941 0.030147 0.027451
1 0.748529 0.281046 0.035294 0.031373
1 0.722794 0.269935 0.032353 0.027451
1 0.706985 0.260131 0.034559 0.026144
1 0.694485 0.201961 0.028676 0.032680
1 0.680147 0.244444 0.029412 0.026144
1 0.664338 0.234641 0.030147 0.024837
1 0.652206 0.229412 0.026471 0.024837
1 0.546324 0.172549 0.023529 0.018301
1 0.563971 0.177124 0.022059 0.019608
0 0.519118 0.196732 0.004412 0.014379
1 0.455515 0.175817 0.016912 0.019608
1 0.343015 0.228758 0.015441 0.028758
1 0.334559 0.172549 0.011765 0.020915
1 0.340074 0.131373 0.009559 0.011765
1 0.368750 0.126797 0.013971 0.015686
0 0.303676 0.183660 0.004412 0.019608
1 0.420221 0.124183 0.011029 0.015686
0 0.402574 0.118954 0.002206 0.013072
1 0.403676 0.116993 0.010294 0.014379
1 0.375735 0.088889 0.008824 0.013072
1 0.379412 0.068627 0.011765 0.011765
0 0.317647 0.208497 0.004412 0.016993
1 0.350000 0.080392 0.007353 0.009150
1 0.334559 0.060131 0.005882 0.010458
1 0.345588 0.067320 0.008824 0.011765
1 0.351838 0.069935 0.011029 0.006536
1 0.329779 0.070588 0.006618 0.007843
1 0.318750 0.062092 0.006618 0.009150
1 0.319485 0.069935 0.006618 0.009150
1 0.323529 0.075817 0.005882 0.010458
1 0.331618 0.081699 0.008824 0.009150