0 0.315074 0.900654 0.005147 0.020915
0 0.329779 0.929412 0.003676 0.018301
0 0.332721 0.950980 0.003676 0.016993
0 0.462868 0.962092 0.003676 0.018301
1 0.399632 0.966013 0.022794 0.023529
1 0.394118 0.986275 0.029412 0.027451
1 0.334559 0.992810 0.026471 0.014379
1 0.308824 0.990850 0.023529 0.018301
1 0.022794 0.991503 0.025000 0.016993
1 0.062500 0.920261 0.023529 0.023529
1 0.044853 0.922222 0.023529 0.027451
1 0.075000 0.888889 0.014706 0.023529
1 0.088235 0.876471 0.010294 0.024837
1 0.102574 0.860131 0.019853 0.023529
1 0.122794 0.838562 0.017647 0.027451
1 0.342647 0.764706 0.013235 0.015686
1 0.431985 0.745098 0.011029 0.015686
1 0.418015 0.673856 0.011029 0.014379
1 0.407353 0.669935 0.008824 0.011765
1 0.382353 0.652288 0.010294 0.015686
1 0.437132 0.613072 0.009559 0.010458
1 0.498897 0.612418 0.006618 0.011765
1 0.470588 0.593464 0.007353 0.013072
1 0.502941 0.584967 0.005882 0.011765
1 0.503676 0.572549 0.005882 0.010458
0 0.365074 0.921569 0.003676 0.013072
1 0.551838 0.544444 0.009559 0.016993
1 0.505147 0.533987 0.005882 0.006536
1 0.483088 0.528758 0.005882 0.009150
1 0.400735 0.487582 0.008824 0.005229
1 0.569118 0.487582 0.005882 0.007843
1 0.526103 0.428105 0.006618 0.009150
1 0.597794 0.422876 0.004412 0.006536