0 0.544792 0.825000 0.014583 0.042593
0 0.587500 0.827778 0.010417 0.037037
0 0.590104 0.847222 0.009375 0.035185
1 0.678646 0.794444 0.078125 0.077778
1 0.444271 0.672222 0.030208 0.070370
1 0.402083 0.575926 0.025000 0.051852
0 0.540625 0.678704 0.010417 0.027778
0 0.538021 0.674074 0.011458 0.037037
0 0.430208 0.581481 0.008333 0.029630
0 0.430208 0.581481 0.006250 0.018519
0 0.428646 0.562963 0.009375 0.029630
0 0.414062 0.541667 0.009375 0.027778
1 0.446354 0.527778 0.026042 0.048148
0 0.479167 0.523148 0.006250 0.024074
1 0.568750 0.543519 0.037500 0.038889
0 0.600000 0.527778 0.006250 0.029630
0 0.471354 0.450000 0.007292 0.018519
0 0.409375 0.376852 0.004167 0.016667
1 0.440104 0.398148 0.015625 0.022222
1 0.438542 0.374074 0.014583 0.022222
1 0.430208 0.358333 0.010417 0.020370
1 0.430729 0.338889 0.011458 0.022222
1 0.427083 0.304630 0.010417 0.012963
1 0.430729 0.329630 0.007292 0.014815
1 0.431771 0.321296 0.011458 0.012963
1 0.429688 0.280556 0.017708 0.012963
0 0.451562 0.365741 0.005208 0.016667
0 0.454167 0.356481 0.004167 0.016667
0 0.492188 0.421296 0.003125 0.020370
0 0.411979 0.290741 0.003125 0.014815