0 0.227574 0.816993 0.033088 0.101961
0 0.720588 0.530719 0.022059 0.135948
1 0.769485 0.085621 0.075735 0.092810
1 0.801471 0.055556 0.076471 0.071895
1 0.837868 0.028758 0.080147 0.057516
1 0.870588 0.020261 0.069118 0.040523
0 0.614706 0.149673 0.017647 0.064052
0 0.613603 0.130065 0.015441 0.069281
1 0.575000 0.230719 0.089706 0.108497
1 0.467279 0.249020 0.112500 0.108497
1 0.429779 0.184314 0.102206 0.107190
1 0.346691 0.171895 0.094853 0.103268
1 0.296691 0.142484 0.083088 0.088889
1 0.276838 0.087582 0.096324 0.091503
0 0.070588 0.314379 0.029412 0.064052
1 0.231985 0.033333 0.093382 0.066667