1 0.048438 0.932407 0.096875 0.127778
0 0.245312 0.595370 0.013542 0.050000
0 0.261458 0.596296 0.014583 0.051852
0 0.238021 0.430556 0.009375 0.050000
1 0.304688 0.349074 0.021875 0.035185
1 0.360938 0.260185 0.013542 0.027778
1 0.465625 0.571296 0.039583 0.068519
0 0.583854 0.580556 0.015625 0.046296
0 0.763021 0.928704 0.028125 0.061111
0 0.782292 0.967593 0.029167 0.064815
0 0.345833 0.337963 0.008333 0.024074
0 0.365104 0.334259 0.009375 0.024074
1 0.424479 0.286111 0.015625 0.024074
1 0.437500 0.237963 0.010417 0.024074
1 0.438021 0.225000 0.009375 0.016667
0 0.384375 0.264815 0.004167 0.014815
1 0.475521 0.295370 0.017708 0.024074
1 0.472917 0.240741 0.012500 0.018519
1 0.492708 0.227778 0.010417 0.018519
1 0.430208 0.186111 0.008333 0.020370
0 0.502083 0.298148 0.004167 0.014815
0 0.502083 0.294444 0.004167 0.018519
0 0.503646 0.288889 0.005208 0.018519
0 0.492188 0.238889 0.003125 0.014815
0 0.546354 0.420370 0.013542 0.033333
1 0.600521 0.440741 0.030208 0.051852