1 0.661029 0.709150 0.157353 0.134641
1 0.561029 0.530065 0.111765 0.168627
1 0.120221 0.368627 0.112500 0.149020
1 0.037500 0.376471 0.075000 0.115033
1 0.426471 0.026144 0.052941 0.052288
1 0.419118 0.090850 0.063235 0.077124
0 0.265441 0.918301 0.033824 0.066667
1 0.857353 0.067320 0.080882 0.069281
1 0.872059 0.038562 0.072059 0.056209
0 0.813971 0.273856 0.016176 0.048366
0 0.831250 0.286928 0.019853 0.027451
0 0.830882 0.262745 0.013235 0.026144
0 0.888235 0.238562 0.014706 0.043137
0 0.913971 0.246405 0.016176 0.045752
0 0.937500 0.141830 0.019118 0.056209
0 0.950368 0.144444 0.016912 0.058824
0 0.987500 0.173856 0.013235 0.052288
1 0.094118 0.159477 0.079412 0.104575
1 0.189338 0.098039 0.075735 0.065359
1 0.015074 0.101961 0.030147 0.060131
1 0.069853 0.062092 0.082353 0.064052