1 0.915441 0.408497 0.055882 0.045752
1 0.840074 0.383660 0.044853 0.037908
1 0.853676 0.366667 0.027941 0.035294
1 0.834559 0.301961 0.019118 0.028758
1 0.742279 0.283660 0.021324 0.028758
1 0.636029 0.347059 0.044118 0.040523
1 0.406985 0.360131 0.047794 0.035294
1 0.369853 0.369281 0.051471 0.043137
1 0.299265 0.330065 0.047059 0.043137
1 0.497794 0.233987 0.029412 0.041830
1 0.477574 0.247712 0.015441 0.030065
0 0.691544 0.379085 0.011029 0.033987
0 0.769853 0.290196 0.005882 0.028758
0 0.776471 0.292157 0.005882 0.027451
0 0.766544 0.311111 0.005147 0.026144
1 0.789338 0.152941 0.016912 0.013072
1 0.730882 0.184314 0.010294 0.020915
1 0.687132 0.175163 0.021324 0.015686
1 0.670221 0.164706 0.009559 0.015686
1 0.680882 0.166013 0.016176 0.013072
1 0.704779 0.160131 0.018382 0.014379
1 0.700735 0.167320 0.010294 0.013072
1 0.559926 0.260131 0.033088 0.023529
1 0.569853 0.249020 0.032353 0.024837
1 0.581250 0.238562 0.031618 0.024837
0 0.331618 0.301961 0.007353 0.028758
0 0.366912 0.256863 0.004412 0.022222
0 0.370221 0.258170 0.003676 0.019608
1 0.287868 0.272549 0.031618 0.032680
1 0.206985 0.258170 0.033088 0.030065
1 0.258824 0.270588 0.027941 0.023529
1 0.241544 0.265359 0.028676 0.028758
1 0.229779 0.260131 0.030147 0.028758
1 0.187132 0.252288 0.028676 0.028758
1 0.172426 0.247712 0.028676 0.032680
1 0.206618 0.217647 0.032353 0.024837
1 0.097426 0.201307 0.025735 0.020915
1 0.042279 0.213725 0.031618 0.019608
1 0.016912 0.214379 0.030882 0.020915
1 0.059926 0.217647 0.027206 0.022222
0 0.846691 0.288235 0.005147 0.024837
1 0.562500 0.213072 0.023529 0.020915
1 0.587500 0.203268 0.016176 0.022222
1 0.705147 0.183007 0.016176 0.013072