1 0.104412 0.787582 0.060294 0.155556
1 0.188235 0.514379 0.050000 0.084967
1 0.080515 0.469281 0.058088 0.120261
1 0.016912 0.736601 0.033824 0.116340
1 0.220588 0.405882 0.038235 0.113725
1 0.226103 0.296732 0.059559 0.057516
1 0.258456 0.190850 0.030147 0.041830
1 0.277941 0.141830 0.036765 0.050980
1 0.284926 0.030065 0.043382 0.026144
1 0.421324 0.708497 0.042647 0.146405
1 0.425000 0.375817 0.032353 0.092810
1 0.370956 0.238562 0.027206 0.074510
1 0.482721 0.292810 0.030147 0.054902
1 0.381250 0.194771 0.022794 0.049673
1 0.444118 0.081046 0.019118 0.041830
1 0.477574 0.052941 0.016912 0.030065
1 0.451103 0.022876 0.016912 0.030065
1 0.541544 0.212418 0.022794 0.043137
1 0.538971 0.166667 0.023529 0.037908
1 0.538235 0.120915 0.027941 0.043137
1 0.641544 0.316340 0.030147 0.054902
1 0.689706 0.301307 0.030882 0.058824
1 0.671324 0.245098 0.030882 0.058824
1 0.637132 0.150327 0.031618 0.060131
1 0.728309 0.064706 0.040441 0.035294
1 0.693382 0.032680 0.039706 0.023529
1 0.694853 0.018301 0.039706 0.023529
1 0.652206 0.024183 0.039706 0.024837
1 0.613971 0.018954 0.023529 0.022222
1 0.578309 0.016340 0.016912 0.022222
1 0.547059 0.009150 0.020588 0.018301
0 0.587868 0.032026 0.006618 0.022222
0 0.592647 0.032026 0.005882 0.022222
0 0.507353 0.105229 0.007353 0.032680
0 0.552941 0.411765 0.011765 0.044444
0 0.422059 0.033333 0.008824 0.014379