0 0.737500 0.608333 0.004167 0.024074
1 0.722917 0.633333 0.043750 0.029630
1 0.669271 0.594444 0.036458 0.025926
1 0.673438 0.564815 0.038542 0.025926
1 0.630208 0.719444 0.025000 0.050000
1 0.441667 0.976852 0.031250 0.046296
0 0.431771 0.904630 0.007292 0.042593
1 0.480208 0.883333 0.050000 0.066667
1 0.266667 0.959259 0.045833 0.081481
0 0.357292 0.746296 0.008333 0.029630
0 0.217188 0.789815 0.011458 0.031481
1 0.352604 0.715741 0.046875 0.038889
1 0.375521 0.662963 0.048958 0.029630
1 0.405208 0.706481 0.025000 0.050000
1 0.437500 0.678704 0.022917 0.050000
1 0.407812 0.591667 0.023958 0.031481
1 0.415104 0.569444 0.034375 0.024074
1 0.419792 0.550000 0.033333 0.022222
1 0.434896 0.507407 0.032292 0.022222
0 0.481250 0.552778 0.006250 0.020370
1 0.588542 0.635185 0.010417 0.029630
1 0.618229 0.572222 0.015625 0.033333
1 0.609896 0.500000 0.013542 0.018519
1 0.604167 0.478704 0.012500 0.020370
1 0.567187 0.568519 0.009375 0.025926
1 0.546875 0.510185 0.012500 0.024074
1 0.555208 0.453704 0.010417 0.018519
0 0.503125 0.434259 0.004167 0.016667
1 0.514583 0.412037 0.010417 0.016667
1 0.526563 0.349074 0.007292 0.009259
1 0.545312 0.343519 0.007292 0.012963
1 0.592708 0.386111 0.010417 0.012963
1 0.598437 0.410185 0.009375 0.016667
1 0.598958 0.426852 0.010417 0.020370
1 0.521354 0.336111 0.007292 0.009259
0 0.427604 0.428704 0.003125 0.024074
1 0.570833 0.336111 0.006250 0.009259