1 0.395956 0.922876 0.065441 0.154248
1 0.260662 0.865359 0.118382 0.096732
1 0.065441 0.949020 0.114706 0.101961
1 0.074265 0.896078 0.082353 0.116340
1 0.030515 0.809804 0.061029 0.098039
1 0.283824 0.779739 0.094118 0.087582
1 0.024265 0.579085 0.048529 0.083660
1 0.034191 0.499346 0.066912 0.052288
1 0.076471 0.558824 0.047059 0.079739
1 0.297794 0.670588 0.088235 0.117647
1 0.338971 0.579739 0.035294 0.095425
1 0.338971 0.730065 0.042647 0.105882
1 0.187868 0.449673 0.065441 0.052288
0 0.131985 0.344444 0.009559 0.035294
0 0.140074 0.395425 0.008088 0.019608
1 0.276838 0.422222 0.065441 0.047059
1 0.333824 0.389542 0.029412 0.062745
1 0.388603 0.413072 0.028676 0.054902
1 0.414338 0.393464 0.025735 0.052288
0 0.479044 0.364052 0.009559 0.022222
0 0.497794 0.331373 0.005882 0.024837
1 0.475735 0.463399 0.063235 0.050980
0 0.367647 0.560131 0.013235 0.045752
0 0.384191 0.543137 0.011029 0.032680
0 0.390809 0.510458 0.011029 0.035294
0 0.530515 0.028105 0.005147 0.019608
1 0.538603 0.422876 0.066912 0.058824
1 0.612500 0.426797 0.058824 0.045752
1 0.542279 0.574510 0.041912 0.071895
1 0.686765 0.432680 0.061765 0.044444
0 0.718015 0.383007 0.005147 0.036601
0 0.725000 0.377124 0.011765 0.027451
0 0.740074 0.377124 0.006618 0.019608
0 0.845588 0.406536 0.007353 0.031373
1 0.626103 0.600654 0.040441 0.087582
1 0.627206 0.692157 0.041176 0.092810
1 0.521324 0.721569 0.041176 0.107190
0 0.559926 0.759477 0.011029 0.049673
1 0.598529 0.819608 0.042647 0.115033
1 0.672059 0.769281 0.088235 0.077124
1 0.653309 0.896732 0.046324 0.138562
1 0.660294 0.984314 0.047059 0.031373
1 0.852941 0.598039 0.050000 0.090196
1 0.703309 0.613725 0.056618 0.108497
1 0.745221 0.589542 0.058088 0.099346
1 0.788971 0.594771 0.058824 0.088889
0 0.750368 0.532026 0.009559 0.041830
1 0.931618 0.562745 0.075000 0.095425
0 0.010294 0.365359 0.011765 0.032680
0 0.148529 0.352288 0.010294 0.035294
0 0.152206 0.365359 0.008824 0.032680