0 0.263603 0.949673 0.009559 0.056209
1 0.387500 0.916993 0.067647 0.050980
1 0.195588 0.982353 0.082353 0.035294
1 0.026838 0.947059 0.053676 0.066667
1 0.040441 0.911111 0.073529 0.067974
1 0.133824 0.853595 0.055882 0.054902
1 0.180882 0.826797 0.063235 0.050980
1 0.213235 0.815686 0.051471 0.049673
1 0.207721 0.790850 0.056618 0.049673
1 0.219485 0.782353 0.050735 0.040523
1 0.326471 0.709150 0.038235 0.027451
1 0.252941 0.926144 0.076471 0.066667
1 0.264338 0.905882 0.075735 0.054902
1 0.275368 0.883660 0.072794 0.049673
1 0.287132 0.866013 0.069853 0.050980
1 0.305882 0.852288 0.061765 0.052288
1 0.322059 0.832680 0.055882 0.041830
1 0.328676 0.818301 0.055882 0.036601
1 0.334559 0.806536 0.050000 0.039216
1 0.344853 0.797386 0.051471 0.039216
1 0.351103 0.791503 0.047794 0.032680
1 0.363971 0.780392 0.044118 0.039216
1 0.370588 0.771895 0.039706 0.035294
1 0.374265 0.763399 0.042647 0.031373
1 0.508088 0.668627 0.010294 0.016993
1 0.398162 0.656863 0.022794 0.016993