1 0.247794 0.804575 0.123529 0.171242
1 0.335294 0.618301 0.054412 0.115033
1 0.226838 0.647059 0.086029 0.125490
1 0.410294 0.273856 0.029412 0.045752
1 0.499265 0.257516 0.026471 0.052288
1 0.498529 0.198693 0.020588 0.041830
1 0.558456 0.101307 0.013971 0.024837
1 0.523897 0.124837 0.013971 0.032680
1 0.554412 0.047712 0.010294 0.022222
1 0.571324 0.027451 0.010294 0.018301
1 0.684559 0.075817 0.017647 0.020915
1 0.655882 0.045752 0.014706 0.020915
1 0.636397 0.041176 0.012500 0.014379
1 0.620221 0.018301 0.011029 0.018301
1 0.969485 0.590196 0.058088 0.069281
0 0.487132 0.155556 0.003676 0.023529
0 0.490074 0.154248 0.003676 0.018301
0 0.528676 0.042484 0.002941 0.022222
1 0.653676 0.007843 0.013235 0.015686
0 0.656985 0.026144 0.003676 0.013072
1 0.738971 0.049020 0.013235 0.016993
1 0.711029 0.029412 0.017647 0.016993