1 0.707552 0.939815 0.072396 0.109259
1 0.534115 0.963889 0.057812 0.072222
1 0.559896 0.879167 0.053125 0.095370
1 0.594531 0.821759 0.054688 0.080556
1 0.480208 0.780556 0.042708 0.083333
1 0.073177 0.851852 0.076563 0.092593
1 0.296875 0.734259 0.032292 0.081481
0 0.958333 0.927778 0.015625 0.062963
0 0.882031 0.784722 0.013021 0.045370
0 0.838281 0.788889 0.009896 0.048148
0 0.838021 0.766667 0.009375 0.046296
0 0.817448 0.859259 0.008854 0.046296
0 0.805208 0.851389 0.009375 0.052778
0 0.770052 0.719907 0.008854 0.043519
0 0.784896 0.709259 0.010417 0.038889
0 0.632812 0.627778 0.007292 0.025926
0 0.597396 0.653704 0.007292 0.042593
0 0.593490 0.643981 0.008854 0.043519
0 0.137240 0.761111 0.011979 0.031481
0 0.139844 0.758333 0.011979 0.031481
0 0.096354 0.671759 0.010417 0.032407
0 0.127083 0.668056 0.009375 0.025000
0 0.128385 0.667593 0.009896 0.029630
0 0.038021 0.547685 0.006250 0.032407
0 0.033594 0.543056 0.006771 0.032407
0 0.128646 0.489815 0.006250 0.029630
0 0.134635 0.487963 0.007812 0.033333
1 0.197917 0.609259 0.054167 0.050000
0 0.128906 0.598148 0.010937 0.038889
0 0.190885 0.546759 0.006771 0.030556
1 0.287500 0.537963 0.022917 0.040741
1 0.483594 0.671296 0.036979 0.062963
1 0.523177 0.666204 0.041146 0.063889
1 0.431250 0.617130 0.031250 0.050926
1 0.476302 0.569444 0.032813 0.048148
1 0.432552 0.533796 0.029687 0.045370
1 0.399219 0.538426 0.025521 0.036111
1 0.444531 0.497685 0.021354 0.034259
1 0.337760 0.470833 0.018229 0.036111
1 0.302604 0.404167 0.016667 0.026852
1 0.380990 0.482407 0.021354 0.029630
1 0.399740 0.442130 0.019271 0.028704
1 0.376042 0.448611 0.017708 0.028704
1 0.356771 0.410648 0.016667 0.025000
1 0.391406 0.401852 0.017188 0.025926
1 0.369792 0.386111 0.015625 0.020370
1 0.364583 0.365741 0.013542 0.020370
1 0.370052 0.350000 0.013021 0.020370
1 0.352083 0.339815 0.009375 0.018519
1 0.364844 0.333333 0.010937 0.018519
1 0.357552 0.318519 0.009896 0.014815
1 0.349740 0.308333 0.009896 0.016667
1 0.336198 0.310185 0.008854 0.014815
1 0.325781 0.316204 0.010937 0.015741
1 0.282031 0.321296 0.009896 0.018519
1 0.298958 0.304167 0.010417 0.017593
1 0.320573 0.295370 0.009896 0.016667
1 0.330990 0.265741 0.007812 0.011111
1 0.312500 0.275926 0.008333 0.011111
1 0.314063 0.261111 0.008333 0.011111
1 0.322396 0.252778 0.007292 0.009259
1 0.332031 0.250000 0.007812 0.011111
1 0.327083 0.242593 0.006250 0.009259
1 0.318750 0.244444 0.006250 0.009259
1 0.310677 0.249537 0.006771 0.010185
1 0.308333 0.242130 0.006250 0.008333
1 0.305990 0.235185 0.006771 0.007407
1 0.286198 0.225463 0.005729 0.010185
1 0.323958 0.235185 0.006250 0.009259
1 0.321094 0.225926 0.005729 0.007407
1 0.313802 0.232407 0.005729 0.009259
1 0.313021 0.229167 0.006250 0.008333
1 0.311198 0.226852 0.004687 0.007407
1 0.309896 0.223611 0.004167 0.010185
1 0.317448 0.218519 0.005729 0.009259
1 0.308854 0.215278 0.005208 0.006481
1 0.294271 0.225000 0.005208 0.007407
1 0.293750 0.217130 0.006250 0.006481
1 0.292969 0.214352 0.004687 0.006481
1 0.303906 0.228704 0.004687 0.007407
1 0.301823 0.223611 0.004687 0.008333
1 0.300000 0.215741 0.005208 0.007407
1 0.301042 0.213426 0.004167 0.008333
1 0.306250 0.211111 0.004167 0.007407
1 0.304688 0.207870 0.004167 0.006481
1 0.304427 0.200926 0.003646 0.005556
1 0.297135 0.208333 0.003646 0.007407
1 0.291146 0.208333 0.005208 0.007407
1 0.291667 0.201852 0.004167 0.007407
1 0.290885 0.198611 0.004687 0.008333
1 0.310417 0.201852 0.009375 0.016667
1 0.298177 0.204167 0.004687 0.008333
1 0.297656 0.197685 0.003646 0.006481