1 0.543750 0.950926 0.052083 0.098148
1 0.785937 0.725000 0.096875 0.087037
1 0.733333 0.589815 0.081250 0.061111
0 0.893229 0.601852 0.013542 0.044444
0 0.780208 0.418519 0.008333 0.029630
0 0.787500 0.414815 0.008333 0.033333
1 0.715625 0.384259 0.037500 0.057407
0 0.727604 0.310185 0.007292 0.031481
1 0.743229 0.273148 0.023958 0.038889
1 0.726562 0.241667 0.034375 0.038889
1 0.519792 0.635185 0.041667 0.103704
1 0.032813 0.572222 0.051042 0.096296
1 0.088021 0.575000 0.044792 0.087037
1 0.161458 0.529630 0.081250 0.066667
1 0.190625 0.480556 0.072917 0.053704
0 0.142187 0.412037 0.011458 0.038889
1 0.212500 0.442593 0.064583 0.048148
1 0.235417 0.412963 0.066667 0.048148
0 0.235937 0.316667 0.005208 0.022222
0 0.295312 0.367593 0.009375 0.031481
0 0.324479 0.479630 0.009375 0.040741
1 0.444271 0.533333 0.032292 0.088889
1 0.499479 0.508333 0.032292 0.075926
0 0.409896 0.484259 0.009375 0.038889
0 0.423958 0.368519 0.008333 0.029630
1 0.335417 0.330556 0.031250 0.042593
1 0.351562 0.362037 0.034375 0.057407
1 0.325521 0.252778 0.026042 0.035185
1 0.307292 0.228704 0.027083 0.035185
1 0.400521 0.246296 0.023958 0.040741
1 0.413021 0.211111 0.023958 0.033333
1 0.443229 0.175000 0.021875 0.027778
1 0.439583 0.150926 0.018750 0.027778
1 0.447396 0.132407 0.015625 0.024074
1 0.438542 0.100926 0.022917 0.020370
1 0.459375 0.100000 0.014583 0.025926
1 0.482812 0.042593 0.011458 0.018519
1 0.476562 0.004630 0.019792 0.009259
1 0.523438 0.071296 0.011458 0.020370
0 0.545312 0.004630 0.003125 0.009259
1 0.559375 0.007407 0.008333 0.014815
1 0.517188 0.337963 0.026042 0.046296
1 0.546875 0.237963 0.018750 0.038889
1 0.580729 0.229630 0.017708 0.033333
1 0.617188 0.245370 0.019792 0.035185
1 0.578125 0.154630 0.014583 0.027778
1 0.606771 0.179630 0.015625 0.025926
1 0.635417 0.190741 0.018750 0.033333
1 0.645833 0.207407 0.043750 0.037037
1 0.599479 0.094444 0.011458 0.018519
1 0.617708 0.048148 0.020833 0.014815
1 0.617708 0.040741 0.025000 0.014815
1 0.575521 0.006481 0.009375 0.012963
1 0.603125 0.013889 0.008333 0.012963
1 0.592187 0.029630 0.009375 0.014815
1 0.591146 0.018519 0.009375 0.014815
1 0.586979 0.004630 0.015625 0.009259