1 0.429412 0.579739 0.036765 0.103268
1 0.630147 0.580392 0.041176 0.078431
0 0.408456 0.373856 0.008088 0.031373
1 0.582721 0.360784 0.022794 0.039216
1 0.066912 0.810458 0.100000 0.143791
1 0.026103 0.728105 0.052206 0.086275
1 0.236765 0.504575 0.039706 0.062745
1 0.937132 0.676471 0.109559 0.092810
0 0.958088 0.822222 0.025000 0.060131
0 0.939706 0.960131 0.019118 0.069281
0 0.878676 0.518954 0.011765 0.049673
0 0.793015 0.466667 0.009559 0.036601
0 0.791912 0.477124 0.007353 0.020915
0 0.904412 0.501307 0.007353 0.024837
0 0.902941 0.480392 0.011765 0.045752
0 0.865809 0.420261 0.006618 0.037908
0 0.871691 0.422222 0.006618 0.036601
1 0.827941 0.411111 0.044118 0.058824
1 0.767279 0.566667 0.052206 0.084967
1 0.723162 0.458170 0.036029 0.058824
1 0.694485 0.396078 0.025735 0.054902
0 0.718382 0.395425 0.007353 0.035294
0 0.668015 0.365359 0.006618 0.035294
0 0.654412 0.358824 0.005882 0.030065
0 0.661765 0.350980 0.007353 0.035294
1 0.683088 0.358824 0.030882 0.045752
1 0.656618 0.320915 0.027941 0.045752
1 0.180515 0.425490 0.081618 0.061438
0 0.116544 0.387582 0.011029 0.043137
0 0.123162 0.380392 0.009559 0.039216
0 0.138235 0.369281 0.008824 0.037908
1 0.146691 0.392157 0.030147 0.049673
0 0.161397 0.400654 0.006618 0.032680
1 0.201103 0.318954 0.031618 0.039216
1 0.288603 0.382353 0.031618 0.053595
0 0.262500 0.416340 0.008824 0.019608
0 0.331618 0.395425 0.008824 0.032680
0 0.323529 0.312418 0.007353 0.033987
0 0.141176 0.290850 0.007353 0.032680
1 0.184926 0.271895 0.025735 0.039216
1 0.459191 0.275817 0.015441 0.031373
0 0.540441 0.286275 0.004412 0.020915
1 0.459559 0.200000 0.013235 0.023529
1 0.465809 0.158170 0.009559 0.018301
1 0.461765 0.133333 0.008824 0.013072
1 0.316176 0.200000 0.029412 0.020915
1 0.320221 0.197386 0.025735 0.020915
1 0.325368 0.190850 0.024265 0.018301
1 0.328309 0.188235 0.028676 0.018301
1 0.333088 0.179085 0.026471 0.020915
1 0.336765 0.177124 0.023529 0.022222
1 0.325368 0.152288 0.019853 0.019608
0 0.286397 0.184314 0.009559 0.013072
1 0.629044 0.186275 0.012500 0.022222
1 0.630515 0.129412 0.021324 0.018301
1 0.616912 0.111111 0.008824 0.018301
1 0.629044 0.111111 0.011029 0.018301
1 0.609559 0.105229 0.016176 0.014379