1 0.213971 0.468627 0.035294 0.027451
1 0.367279 0.438562 0.037500 0.032680
1 0.456618 0.531373 0.035294 0.027451
1 0.550368 0.532026 0.037500 0.031373
1 0.320956 0.470588 0.030147 0.026144
1 0.425735 0.469281 0.030882 0.023529
1 0.567647 0.454248 0.032353 0.030065
1 0.498897 0.764706 0.016912 0.067974
1 0.501103 0.855556 0.015441 0.069281
1 0.523529 0.754902 0.016176 0.066667
1 0.526838 0.850980 0.018382 0.075817
1 0.662868 0.522876 0.037500 0.031373
1 0.755882 0.525490 0.039706 0.028758
1 0.788235 0.564706 0.038235 0.031373
1 0.740074 0.601961 0.036029 0.030065
1 0.832721 0.532680 0.036029 0.030065
1 0.756985 0.662745 0.028676 0.057516
1 0.777941 0.651634 0.027941 0.069281
1 0.728676 0.654902 0.032353 0.060131
1 0.713971 0.473203 0.045588 0.031373
1 0.846691 0.475817 0.031618 0.023529
1 0.437500 0.202614 0.014706 0.060131
1 0.459559 0.237255 0.016176 0.066667
1 0.457721 0.141830 0.013971 0.064052
1 0.586397 0.258170 0.027206 0.027451
0 0.502574 0.392157 0.005147 0.010458
1 0.577941 0.060131 0.035294 0.033987
1 0.632721 0.111111 0.013971 0.054902
1 0.640074 0.566667 0.038971 0.032680
1 0.803676 0.646405 0.025000 0.061438
1 0.826838 0.646405 0.028676 0.061438
1 0.864338 0.645098 0.036029 0.053595
1 0.575735 0.808497 0.016176 0.064052
1 0.573897 0.907190 0.015441 0.078431
1 0.502206 0.956863 0.014706 0.062745
1 0.532353 0.933333 0.023529 0.070588
1 0.988603 0.539216 0.022794 0.027451
1 0.984926 0.448366 0.027206 0.028758
1 0.875735 0.386928 0.039706 0.044444
1 0.839706 0.347059 0.035294 0.045752
1 0.870588 0.328105 0.029412 0.062745
1 0.800735 0.383660 0.030882 0.048366
1 0.916544 0.358824 0.030147 0.056209
1 0.939706 0.338562 0.029412 0.060131
1 0.973162 0.350980 0.022794 0.064052
0 0.690074 0.614379 0.006618 0.010458
0 0.814706 0.600654 0.005882 0.011765
1 0.405515 0.837255 0.037500 0.043137
1 0.401103 0.912418 0.037500 0.044444
0 0.449632 0.879085 0.005147 0.009150
0 0.786765 0.698039 0.007353 0.010458
1 0.056618 0.654248 0.027941 0.056209
1 0.104044 0.658824 0.028676 0.060131
0 0.163971 0.698693 0.010294 0.009150
0 0.595588 0.911765 0.007353 0.006536
0 0.809559 0.254902 0.010294 0.010458
0 0.505882 0.577124 0.004412 0.011765
1 0.456985 0.067320 0.016912 0.053595
0 0.638971 0.406536 0.008824 0.007843
0 0.673897 0.598039 0.006618 0.009150
0 0.656618 0.422876 0.005882 0.011765
0 0.706250 0.571242 0.006618 0.013072