1 0.247426 0.919608 0.084559 0.071895
1 0.320221 0.891503 0.040441 0.120261
1 0.476471 0.916340 0.038235 0.133333
1 0.645956 0.991503 0.078676 0.016993
1 0.587500 0.948366 0.077941 0.066667
1 0.631618 0.881699 0.089706 0.084967
1 0.645221 0.832680 0.071324 0.057516
1 0.691176 0.784967 0.073529 0.061438
1 0.613235 0.782353 0.073529 0.056209
1 0.622426 0.725490 0.071324 0.065359
1 0.591912 0.682353 0.064706 0.054902
1 0.602941 0.653595 0.064706 0.054902
1 0.621324 0.611111 0.057353 0.050980
1 0.608456 0.576471 0.065441 0.049673
1 0.619853 0.537255 0.061765 0.044444
1 0.319118 0.734641 0.061765 0.081046
1 0.373897 0.659477 0.034559 0.090196
1 0.491544 0.539216 0.028676 0.061438
0 0.401838 0.473203 0.005147 0.015686
0 0.406985 0.462745 0.006618 0.033987
1 0.427206 0.482353 0.026471 0.060131
1 0.508088 0.462092 0.022059 0.050980
1 0.509926 0.390196 0.019853 0.040523
1 0.797426 0.967974 0.043382 0.064052
1 0.726838 0.438562 0.025735 0.061438
0 0.762500 0.428105 0.007353 0.022222
1 0.697426 0.428758 0.027206 0.054902
1 0.630882 0.458824 0.052941 0.039216
1 0.623529 0.431373 0.048529 0.033987
1 0.549632 0.407843 0.037500 0.054902
0 0.773162 0.366013 0.011029 0.031373
0 0.751471 0.359477 0.007353 0.028758
0 0.719853 0.343791 0.005882 0.026144
1 0.702206 0.305229 0.026471 0.045752
1 0.722794 0.309804 0.023529 0.031373
1 0.680147 0.310458 0.019118 0.040523
1 0.654779 0.310458 0.033088 0.048366
1 0.814338 0.210458 0.038971 0.028758
0 0.847794 0.228105 0.005882 0.024837
0 0.661765 0.361438 0.007353 0.024837
1 0.608824 0.333987 0.023529 0.043137
0 0.594485 0.354248 0.006618 0.023529
0 0.595588 0.265359 0.007353 0.023529
1 0.555147 0.308497 0.022059 0.041830
1 0.506250 0.315686 0.021324 0.040523
0 0.443750 0.390196 0.006618 0.022222
0 0.440809 0.339869 0.005147 0.026144
0 0.436397 0.335948 0.005147 0.028758
0 0.442279 0.317647 0.005147 0.023529
0 0.444485 0.298039 0.006618 0.028758
1 0.412500 0.199346 0.029412 0.030065
0 0.620221 0.234641 0.005147 0.024837
0 0.545221 0.264052 0.003676 0.026144
0 0.536397 0.277124 0.006618 0.028758
0 0.540441 0.249020 0.005882 0.030065
1 0.524265 0.268627 0.017647 0.037908
0 0.519118 0.226797 0.005882 0.022222
0 0.517279 0.222876 0.005147 0.024837
1 0.529412 0.183007 0.014706 0.028758
1 0.550000 0.143791 0.014706 0.028758
1 0.549265 0.118301 0.011765 0.022222
1 0.544853 0.096078 0.017647 0.024837
1 0.452206 0.158170 0.016176 0.028758
1 0.427206 0.169935 0.016176 0.028758
1 0.459559 0.135948 0.014706 0.028758
1 0.442647 0.121569 0.014706 0.031373
0 0.406618 0.111111 0.005882 0.018301
1 0.407353 0.092810 0.014706 0.031373
1 0.520956 0.083007 0.012500 0.022222
1 0.595956 0.013072 0.012500 0.026144
1 0.526838 0.020261 0.011029 0.016993
1 0.497794 0.029412 0.010294 0.024837
1 0.507353 0.007190 0.010294 0.014379
1 0.469853 0.028758 0.017647 0.026144
1 0.479412 0.005229 0.013235 0.010458
1 0.447794 0.021569 0.011765 0.019608
1 0.425735 0.013725 0.010294 0.022222