1 0.229779 0.177778 0.019853 0.015686
1 0.215441 0.180392 0.017647 0.015686
1 0.235662 0.230719 0.019853 0.022222
1 0.072794 0.276471 0.047059 0.024837
1 0.937132 0.943791 0.125735 0.112418
1 0.633088 0.369935 0.038235 0.041830
1 0.472794 0.282353 0.005882 0.031373
1 0.371324 0.233987 0.014706 0.023529
1 0.390074 0.226797 0.013971 0.019608
1 0.374632 0.175163 0.009559 0.013072
1 0.373897 0.135294 0.003676 0.009150
1 0.353309 0.136601 0.006618 0.011765
0 0.420221 0.235294 0.005147 0.015686
1 0.769118 0.324837 0.027941 0.032680