0 0.748437 0.885185 0.013542 0.044444
1 0.747396 0.962037 0.088542 0.075926
1 0.594271 0.931481 0.063542 0.103704
0 0.867708 0.980556 0.027083 0.038889
1 0.951042 0.945370 0.087500 0.109259
1 0.906250 0.880556 0.087500 0.098148
0 0.890104 0.750926 0.015625 0.050000
1 0.845833 0.648148 0.072917 0.088889
1 0.878125 0.635185 0.072917 0.096296
1 0.909896 0.617593 0.076042 0.079630
1 0.930208 0.591667 0.072917 0.079630
0 0.753646 0.525926 0.013542 0.029630
0 0.679688 0.435185 0.007292 0.033333
1 0.606250 0.400926 0.050000 0.057407
1 0.586458 0.619444 0.054167 0.083333
0 0.591667 0.562037 0.008333 0.038889
0 0.604688 0.556481 0.007292 0.035185
0 0.606250 0.541667 0.006250 0.038889
1 0.530208 0.508333 0.041667 0.061111
1 0.508333 0.442593 0.037500 0.051852
0 0.481771 0.443519 0.007292 0.035185
0 0.487500 0.438889 0.006250 0.037037
1 0.504167 0.259259 0.020833 0.033333
0 0.430208 0.311111 0.006250 0.025926
1 0.454687 0.314815 0.030208 0.051852
1 0.435937 0.278704 0.026042 0.042593
1 0.417708 0.232407 0.027083 0.053704
1 0.400521 0.217593 0.017708 0.024074
1 0.378646 0.212037 0.013542 0.024074
0 0.436458 0.132407 0.004167 0.016667
0 0.433333 0.113889 0.004167 0.012963
1 0.375000 0.074074 0.022917 0.014815
1 0.371354 0.027778 0.011458 0.011111
1 0.302083 0.165741 0.014583 0.024074
1 0.354167 0.101852 0.012500 0.018519
1 0.349479 0.095370 0.011458 0.016667
1 0.341146 0.366667 0.023958 0.051852
1 0.258333 0.300926 0.020833 0.038889
0 0.279687 0.296296 0.009375 0.025926
0 0.245833 0.868519 0.016667 0.051852
1 0.273438 0.838889 0.053125 0.196296
1 0.266667 0.679630 0.043750 0.144444
1 0.261979 0.558333 0.038542 0.112963
1 0.259896 0.460185 0.026042 0.072222
1 0.257292 0.394444 0.031250 0.096296
1 0.100000 0.975000 0.058333 0.050000
0 0.034896 0.797222 0.019792 0.050000
0 0.091667 0.742593 0.018750 0.048148
0 0.049479 0.697222 0.017708 0.042593
0 0.051042 0.492593 0.012500 0.037037
1 0.181250 0.713889 0.091667 0.064815
1 0.195312 0.589815 0.076042 0.053704
1 0.208333 0.498148 0.062500 0.051852
0 0.113021 0.404630 0.009375 0.031481
0 0.115625 0.390741 0.010417 0.033333
0 0.134375 0.322222 0.010417 0.029630
1 0.209375 0.244444 0.041667 0.037037
1 0.218229 0.230556 0.038542 0.027778
1 0.293750 0.125000 0.012500 0.020370
0 0.166667 0.103704 0.004167 0.018519
0 0.188021 0.063889 0.003125 0.016667
0 0.193229 0.063889 0.003125 0.012963
0 0.201563 0.054630 0.003125 0.016667
0 0.196354 0.037963 0.003125 0.012963
1 0.209896 0.019444 0.011458 0.009259
1 0.201563 0.012963 0.007292 0.011111
1 0.211979 0.011111 0.007292 0.014815
1 0.246875 0.126852 0.012500 0.020370
1 0.246875 0.100926 0.010417 0.020370
1 0.314583 0.022222 0.008333 0.011111
1 0.308854 0.013889 0.009375 0.012963
1 0.306250 0.005556 0.006250 0.007407
1 0.297396 0.005556 0.007292 0.011111
1 0.295312 0.013889 0.007292 0.012963
1 0.294271 0.023148 0.007292 0.012963
1 0.294792 0.039815 0.008333 0.012963
1 0.290104 0.097222 0.009375 0.020370
1 0.270313 0.104630 0.009375 0.020370
0 0.275521 0.087037 0.003125 0.011111
1 0.285938 0.062963 0.009375 0.014815
0 0.271354 0.041667 0.003125 0.009259
1 0.278646 0.021296 0.011458 0.012963
0 0.266146 0.051852 0.003125 0.011111
1 0.251563 0.075926 0.019792 0.014815
1 0.245833 0.057407 0.008333 0.014815
1 0.243229 0.039815 0.009375 0.016667
1 0.244271 0.032407 0.009375 0.016667
1 0.244792 0.024074 0.008333 0.014815
1 0.243229 0.012037 0.007292 0.012963