1 0.440885 0.786111 0.046354 0.118519
1 0.542969 0.679167 0.040104 0.075000
1 0.406510 0.485185 0.026562 0.042593
0 0.460156 0.350926 0.005729 0.014815
1 0.458073 0.293981 0.013021 0.017593
1 0.491667 0.288426 0.011458 0.015741
0 0.508594 0.318056 0.003646 0.019444
0 0.502083 0.299074 0.003125 0.011111
1 0.098698 0.427315 0.051562 0.043519
1 0.257552 0.338426 0.019271 0.030556
0 0.503125 0.245833 0.002083 0.010185
0 0.471615 0.233333 0.002604 0.011111
1 0.495052 0.228241 0.009896 0.010185
1 0.503906 0.225000 0.010937 0.011111
1 0.488542 0.224074 0.014583 0.009259
1 0.472135 0.224537 0.014063 0.010185
1 0.535937 0.225463 0.013542 0.010185
1 0.557292 0.225000 0.014583 0.009259
1 0.548438 0.216204 0.007292 0.012037
1 0.394531 0.286574 0.026562 0.021296
1 0.373437 0.301389 0.028125 0.021296
1 0.395573 0.302778 0.025521 0.024074
0 0.550781 0.239815 0.002604 0.011111
0 0.553385 0.239815 0.001563 0.011111
0 0.554427 0.239815 0.002604 0.011111