1 0.045588 0.875163 0.091176 0.176471
1 0.103676 0.686275 0.075000 0.162092
1 0.148162 0.498039 0.059559 0.141176
1 0.183456 0.400000 0.047794 0.096732
1 0.210294 0.298039 0.041176 0.073203
1 0.237132 0.016340 0.024265 0.032680
1 0.244118 0.110458 0.027941 0.048366
1 0.316912 0.032026 0.020588 0.037908
0 0.182721 0.122222 0.011029 0.022222
1 0.456250 0.034641 0.015441 0.024837
1 0.454044 0.061438 0.018382 0.031373
1 0.455147 0.090850 0.044118 0.045752
1 0.488603 0.112418 0.043382 0.044444
1 0.480515 0.151634 0.022794 0.054902
1 0.497059 0.229412 0.026471 0.056209
0 0.579044 0.064706 0.009559 0.032680
0 0.589338 0.067320 0.008088 0.032680
0 0.604044 0.035294 0.006618 0.033987
0 0.611029 0.037255 0.007353 0.035294
0 0.651838 0.030719 0.005147 0.030065
1 0.522059 0.327451 0.039706 0.069281
1 0.543015 0.437255 0.052206 0.095425
1 0.567279 0.547059 0.056618 0.113725
1 0.593015 0.671895 0.065441 0.143791
1 0.669853 0.958824 0.067647 0.082353
1 0.633088 0.413072 0.079412 0.078431
1 0.654779 0.064052 0.043382 0.028758
1 0.672426 0.124837 0.056618 0.043137
1 0.716912 0.171895 0.072059 0.048366
0 0.724632 0.279739 0.011029 0.047059
1 0.755515 0.265359 0.080147 0.060131
1 0.782721 0.387582 0.059559 0.098039
1 0.845956 0.405882 0.072794 0.113725
0 0.932721 0.666013 0.015441 0.056209
0 0.927206 0.926797 0.025000 0.031373