1 0.567647 0.938562 0.070588 0.122876
1 0.475000 0.960131 0.057353 0.079739
1 0.458456 0.833987 0.053676 0.141176
1 0.525368 0.790850 0.055147 0.122876
1 0.511765 0.681046 0.047059 0.088889
1 0.443750 0.694118 0.043382 0.094118
1 0.495956 0.588889 0.041912 0.074510
1 0.429779 0.598693 0.037500 0.081046
1 0.478309 0.516993 0.037500 0.066667
1 0.419118 0.515686 0.035294 0.074510
1 0.462132 0.454248 0.034559 0.053595
1 0.412868 0.448366 0.031618 0.054902
1 0.460662 0.396078 0.033088 0.062745
1 0.409191 0.386928 0.025735 0.041830
1 0.448529 0.350327 0.025000 0.044444
1 0.405147 0.340523 0.023529 0.048366
1 0.397426 0.298693 0.021324 0.035294
1 0.400000 0.268627 0.020588 0.032680
1 0.432353 0.273856 0.019118 0.032680
1 0.391912 0.237908 0.019118 0.033987
1 0.387500 0.210458 0.017647 0.033987
1 0.409926 0.191503 0.015441 0.032680
1 0.384926 0.187582 0.016912 0.030065
1 0.408088 0.167974 0.016176 0.024837
1 0.373897 0.154902 0.015441 0.024837
1 0.382721 0.041830 0.009559 0.013072
1 0.380882 0.026797 0.008824 0.014379
1 0.364706 0.021569 0.008824 0.011765
1 0.365441 0.014379 0.008824 0.010458
1 0.365074 0.007190 0.009559 0.014379
1 0.379412 0.011111 0.007353 0.011765
1 0.378676 0.005229 0.007353 0.010458