1 0.584375 0.564815 0.072917 0.074074
1 0.477604 0.231481 0.009375 0.018519
1 0.468750 0.271296 0.008333 0.016667
1 0.251042 0.444444 0.035417 0.040741
1 0.302604 0.437037 0.017708 0.033333
1 0.314063 0.406481 0.019792 0.042593
1 0.156250 0.364815 0.029167 0.025926
1 0.201042 0.359259 0.022917 0.022222
1 0.221875 0.363889 0.039583 0.024074
0 0.274479 0.544444 0.009375 0.025926
0 0.513021 0.635185 0.007292 0.029630
0 0.539583 0.626852 0.006250 0.031481
0 0.465104 0.611111 0.007292 0.025926
0 0.389062 0.451852 0.007292 0.025926
0 0.418750 0.418519 0.004167 0.025926
0 0.407292 0.381481 0.006250 0.018519
0 0.430729 0.337037 0.005208 0.022222
0 0.528646 0.287963 0.005208 0.024074
1 0.531771 0.257407 0.009375 0.022222