1 0.317448 0.811574 0.050521 0.119444
1 0.410417 0.746296 0.042708 0.101852
1 0.561198 0.663426 0.071354 0.076852
1 0.628125 0.524074 0.043750 0.048148
1 0.336719 0.602315 0.051562 0.071296
1 0.551562 0.485185 0.027083 0.044444
1 0.466927 0.460185 0.024479 0.038889
1 0.506250 0.451389 0.022917 0.034259
1 0.480469 0.402315 0.020313 0.028704
1 0.464844 0.351389 0.016146 0.025000
1 0.470833 0.327778 0.014583 0.020370
1 0.436719 0.366667 0.017188 0.027778
1 0.409375 0.429167 0.021875 0.041667
1 0.440885 0.416667 0.019271 0.033333
0 0.758854 0.575926 0.012500 0.033333
0 0.978125 0.761111 0.021875 0.044444
0 0.634115 0.467130 0.007812 0.036111
0 0.556250 0.379630 0.005208 0.024074
0 0.554948 0.390741 0.005729 0.018519
0 0.186719 0.965278 0.023438 0.065741
1 0.154948 0.407407 0.030729 0.029630
1 0.011198 0.412037 0.022396 0.033333
1 0.035937 0.423148 0.040625 0.038889
1 0.079167 0.439815 0.032292 0.035185
1 0.139063 0.310648 0.016667 0.034259
0 0.310677 0.538889 0.009896 0.031481
1 0.375000 0.287963 0.012500 0.016667
1 0.358333 0.267593 0.009375 0.016667
1 0.388021 0.264815 0.011458 0.014815
1 0.395833 0.254167 0.009375 0.012037
1 0.368229 0.251852 0.010417 0.016667
1 0.337500 0.244444 0.009375 0.012963
1 0.345313 0.234259 0.009375 0.011111
1 0.382292 0.250926 0.010417 0.012963
1 0.270833 0.336111 0.017708 0.020370
1 0.264583 0.326389 0.013542 0.019444
1 0.313021 0.224537 0.012500 0.015741