1 0.226042 0.033333 0.029167 0.066667
1 0.146354 0.078704 0.026042 0.046296
0 0.161458 0.053704 0.012500 0.029630
0 0.097917 0.146296 0.012500 0.033333
1 0.175000 0.176852 0.066667 0.053704
1 0.195312 0.200000 0.051042 0.044444
1 0.141146 0.230556 0.040625 0.087037
1 0.204687 0.221296 0.061458 0.053704
1 0.190625 0.266667 0.070833 0.055556
1 0.193229 0.309259 0.078125 0.066667
1 0.123958 0.337037 0.043750 0.096296
1 0.044792 0.325926 0.041667 0.081481
1 0.192708 0.355556 0.079167 0.066667
0 0.201042 0.495370 0.020833 0.027778
1 0.219271 0.703704 0.101042 0.111111
1 0.177604 0.810185 0.115625 0.131481
0 0.064583 0.895370 0.027083 0.061111
1 0.267188 0.009259 0.034375 0.018519
1 0.239583 0.112037 0.031250 0.061111
1 0.251042 0.177778 0.031250 0.062963
0 0.339583 0.341667 0.014583 0.038889
0 0.262500 0.391667 0.016667 0.038889
1 0.381250 0.443519 0.039583 0.101852
1 0.361979 0.912037 0.067708 0.175926
1 0.555729 0.709259 0.069792 0.151852
1 0.343750 0.015741 0.022917 0.031481
1 0.439583 0.073148 0.029167 0.046296
1 0.473438 0.137963 0.034375 0.046296
1 0.584896 0.126852 0.051042 0.042593
0 0.648958 0.166667 0.010417 0.040741
1 0.569792 0.107407 0.045833 0.044444
1 0.550000 0.075926 0.043750 0.037037
1 0.617188 0.087963 0.028125 0.046296
1 0.652083 0.011111 0.039583 0.022222
1 0.663542 0.017593 0.041667 0.035185
1 0.671875 0.035185 0.041667 0.033333
1 0.655729 0.082407 0.036458 0.042593
1 0.675000 0.100000 0.041667 0.048148
0 0.657292 0.121296 0.010417 0.035185
1 0.729688 0.156481 0.046875 0.046296
1 0.745833 0.176852 0.054167 0.050000
1 0.786458 0.215741 0.050000 0.050000
1 0.684375 0.288889 0.064583 0.055556
1 0.748437 0.358333 0.059375 0.057407
1 0.779687 0.405556 0.065625 0.077778
0 0.802604 0.341667 0.013542 0.038889
0 0.845313 0.435185 0.017708 0.055556
1 0.895833 0.581481 0.089583 0.088889
1 0.972396 0.578704 0.055208 0.112963
0 0.783854 0.962963 0.021875 0.048148
1 0.707292 0.631481 0.095833 0.114815
1 0.638021 0.461111 0.057292 0.096296
0 0.597917 0.424074 0.010417 0.048148
1 0.565104 0.322222 0.040625 0.074074
0 0.814063 0.243519 0.013542 0.038889
1 0.845313 0.237963 0.059375 0.061111
0 0.838542 0.213889 0.012500 0.046296
1 0.892188 0.280556 0.059375 0.057407
0 0.849479 0.214815 0.009375 0.040741
0 0.878646 0.221296 0.013542 0.038889
1 0.939583 0.312963 0.068750 0.066667
1 0.964062 0.349074 0.063542 0.057407
1 0.979687 0.378704 0.040625 0.068519
0 0.870312 0.034259 0.013542 0.038889
0 0.852083 0.042593 0.012500 0.040741