0 0.963542 0.840741 0.010417 0.029630
0 0.818229 0.792593 0.009375 0.025926
1 0.840104 0.808333 0.046875 0.112963
0 0.704167 0.649074 0.010417 0.038889
0 0.692187 0.602778 0.009375 0.024074
0 0.658854 0.644444 0.009375 0.022222
0 0.663542 0.639815 0.008333 0.027778
1 0.548958 0.549074 0.052083 0.038889
1 0.525000 0.588889 0.052083 0.044444
1 0.647396 0.547222 0.048958 0.038889
1 0.203125 0.500926 0.050000 0.046296
1 0.253125 0.513889 0.056250 0.053704
1 0.289583 0.478704 0.050000 0.035185
1 0.738021 0.512963 0.044792 0.037037
1 0.786458 0.531481 0.050000 0.040741
1 0.876563 0.400926 0.036458 0.031481
1 0.939063 0.383333 0.034375 0.033333
1 0.950000 0.400000 0.037500 0.029630
1 0.984375 0.370370 0.031250 0.033333
0 0.854167 0.276852 0.004167 0.020370
0 0.858333 0.277778 0.004167 0.018519
0 0.866667 0.277778 0.006250 0.022222
0 0.718750 0.260185 0.004167 0.020370
0 0.343229 0.255556 0.005208 0.011111
0 0.446875 0.400000 0.006250 0.022222
0 0.502083 0.439815 0.006250 0.020370
1 0.603646 0.396296 0.026042 0.037037
1 0.580208 0.419444 0.035417 0.031481
0 0.007292 0.352778 0.006250 0.020370
1 0.144271 0.781481 0.082292 0.066667
1 0.384896 0.679630 0.061458 0.055556