1 0.057031 0.718981 0.114062 0.082407
1 0.058594 0.849074 0.074479 0.168519
1 0.238281 0.805556 0.072396 0.161111
1 0.363281 0.278704 0.015104 0.022222
1 0.379427 0.278704 0.014063 0.020370
1 0.383333 0.319907 0.029167 0.025000
1 0.465625 0.242593 0.010417 0.016667
1 0.450781 0.205093 0.006771 0.012037
1 0.447135 0.191667 0.006771 0.011111
1 0.460417 0.175926 0.005208 0.007407
1 0.455469 0.169444 0.005729 0.007407
1 0.454167 0.165741 0.004167 0.007407
1 0.445573 0.166667 0.004687 0.009259
1 0.444792 0.170370 0.004167 0.007407
1 0.452083 0.182870 0.005208 0.008333
1 0.445052 0.178704 0.004687 0.011111
1 0.449479 0.175926 0.005208 0.009259