1 0.895956 0.832026 0.158088 0.126797
0 0.725735 0.929412 0.027941 0.067974
0 0.626838 0.604575 0.016912 0.061438
1 0.601103 0.665359 0.121324 0.117647
1 0.447794 0.416340 0.048529 0.111111
1 0.024632 0.468627 0.049265 0.082353
1 0.204044 0.640523 0.080147 0.169935
1 0.276103 0.640523 0.075735 0.193464
0 0.307353 0.262092 0.019118 0.056209
0 0.597426 0.669935 0.019853 0.048366
1 0.136765 0.288235 0.035294 0.071895
1 0.374265 0.216993 0.045588 0.107190
0 0.379044 0.221569 0.012500 0.037908
1 0.345221 0.128105 0.043382 0.075817
1 0.400368 0.116340 0.036029 0.078431
1 0.414706 0.050980 0.032353 0.060131
0 0.356250 0.024837 0.009559 0.039216