1 0.594853 0.824837 0.039706 0.117647
1 0.586765 0.684967 0.036765 0.094118
1 0.497794 0.586275 0.029412 0.064052
1 0.452574 0.415033 0.022794 0.053595
1 0.498162 0.378431 0.022794 0.045752
1 0.494485 0.275163 0.015441 0.035294
1 0.501103 0.207190 0.016912 0.030065
1 0.501471 0.165359 0.014706 0.027451
1 0.466544 0.154902 0.013971 0.030065
1 0.438971 0.166667 0.014706 0.027451
1 0.325368 0.759477 0.053676 0.115033
1 0.288603 0.920915 0.061029 0.155556
1 0.164706 0.659477 0.051471 0.087582
1 0.201838 0.569281 0.049265 0.082353
1 0.197426 0.233333 0.030147 0.037908
1 0.046691 0.948366 0.081618 0.103268
1 0.824632 0.911765 0.080147 0.176471
1 0.786397 0.781699 0.055147 0.120261
1 0.733088 0.786928 0.054412 0.117647
1 0.747794 0.649020 0.044118 0.100654
1 0.709559 0.666013 0.047059 0.098039
1 0.717647 0.509804 0.027941 0.062745
1 0.686397 0.323529 0.031618 0.050980
1 0.679412 0.515033 0.035294 0.067974
1 0.726838 0.403268 0.034559 0.058824
1 0.742279 0.449020 0.058088 0.069281
0 0.819118 0.521569 0.007353 0.041830
0 0.736765 0.552288 0.007353 0.037908
1 0.532353 0.092157 0.010294 0.035294
1 0.498897 0.113725 0.012500 0.026144
1 0.498162 0.137255 0.011029 0.018301
1 0.504044 0.093464 0.009559 0.019608
1 0.463235 0.022876 0.008824 0.014379
1 0.463971 0.010458 0.007353 0.013072
1 0.438971 0.077778 0.022059 0.019608
1 0.438235 0.058824 0.011765 0.018301
1 0.348897 0.050327 0.018382 0.019608
1 0.356250 0.045098 0.021324 0.014379
1 0.365074 0.026144 0.018382 0.015686
1 0.367647 0.022876 0.017647 0.011765
1 0.371691 0.017647 0.016912 0.014379
1 0.366912 0.007843 0.008824 0.013072
1 0.414706 0.039869 0.025000 0.019608
1 0.413603 0.052288 0.022794 0.010458
1 0.411029 0.057516 0.020588 0.010458
1 0.422426 0.024837 0.024265 0.015686
1 0.424265 0.018301 0.019118 0.013072
1 0.423162 0.015033 0.018382 0.014379
1 0.511029 0.038562 0.010294 0.016993
1 0.516176 0.018301 0.008824 0.013072
1 0.514706 0.005882 0.008824 0.011765
0 0.436765 0.290196 0.004412 0.031373
0 0.433088 0.288235 0.005882 0.030065
0 0.516544 0.103922 0.003676 0.014379
0 0.755882 0.409150 0.005882 0.041830
0 0.750368 0.418301 0.005147 0.028758
0 0.780515 0.459477 0.008088 0.032680