1 0.393382 0.453595 0.098529 0.107190
1 0.545956 0.411111 0.105147 0.095425
1 0.304044 0.358824 0.083088 0.092810
1 0.380147 0.243137 0.069118 0.075817
1 0.231618 0.302614 0.069118 0.077124
1 0.747059 0.348366 0.091176 0.084967
1 0.652941 0.299346 0.085294 0.065359
1 0.310662 0.203268 0.053676 0.058824
1 0.250735 0.167320 0.048529 0.044444
1 0.538971 0.345752 0.083824 0.071895
1 0.214338 0.131373 0.046324 0.040523
1 0.553676 0.246405 0.085294 0.082353
1 0.465441 0.200654 0.077941 0.061438
1 0.288971 0.456209 0.083824 0.099346
1 0.894853 0.350327 0.088235 0.083660
1 0.930882 0.326144 0.072059 0.071895
1 0.943015 0.316340 0.074265 0.078431
1 0.928309 0.280392 0.075735 0.048366
1 0.959926 0.269935 0.080147 0.056209
0 0.470588 0.771242 0.016176 0.075817
0 0.942647 0.456863 0.020588 0.071895
0 0.985662 0.403922 0.012500 0.073203
0 0.884926 0.423529 0.018382 0.057516
0 0.876471 0.923529 0.026471 0.077124
0 0.486765 0.792157 0.023529 0.091503