0 0.703125 0.748148 0.014583 0.042593
0 0.389323 0.417593 0.006771 0.031481
1 0.475260 0.440278 0.021354 0.041667
0 0.637760 0.436111 0.006771 0.029630
0 0.651042 0.428704 0.006250 0.027778
1 0.568750 0.389815 0.016667 0.027778
1 0.554427 0.349537 0.015104 0.026852
1 0.507552 0.360185 0.016146 0.025926
1 0.617969 0.338426 0.015104 0.023148
1 0.654167 0.339352 0.029167 0.021296
1 0.713021 0.337963 0.026042 0.027778
0 0.616146 0.289815 0.003125 0.016667
0 0.467448 0.325463 0.004687 0.010185
0 0.486719 0.293519 0.003646 0.011111
1 0.504427 0.298611 0.013021 0.017593
0 0.466667 0.287963 0.003125 0.014815
0 0.465104 0.286111 0.002083 0.012963
0 0.478385 0.269444 0.002604 0.009259
0 0.483073 0.276852 0.003646 0.009259
0 0.487240 0.273148 0.003646 0.009259
1 0.574740 0.264352 0.010937 0.015741
1 0.504948 0.272222 0.009896 0.016667
1 0.511458 0.257407 0.009375 0.016667
1 0.500521 0.251389 0.009375 0.013889
1 0.497396 0.243519 0.008333 0.011111
1 0.499219 0.238889 0.007812 0.011111
1 0.496875 0.221759 0.008333 0.012037
1 0.484896 0.207870 0.007292 0.008333
1 0.475000 0.203241 0.006250 0.008333
0 0.491406 0.200000 0.002604 0.007407
0 0.518229 0.206944 0.002083 0.010185
1 0.511719 0.216204 0.007812 0.008333
1 0.525000 0.218981 0.009375 0.008333
0 0.575521 0.246759 0.002083 0.008333
1 0.555469 0.251852 0.009896 0.018519
1 0.549479 0.245833 0.008333 0.012037
1 0.552604 0.243056 0.007292 0.010185
1 0.536198 0.247222 0.007812 0.011111
1 0.534896 0.240278 0.007292 0.013889
1 0.529687 0.239352 0.007292 0.012037
1 0.524479 0.231481 0.007292 0.012963
1 0.519271 0.230093 0.006250 0.012037
1 0.527604 0.227778 0.009375 0.009259