1 0.533456 0.675817 0.131618 0.151634
0 0.452206 0.855556 0.033824 0.077124
0 0.230147 0.806536 0.030882 0.101961
0 0.266176 0.807843 0.027941 0.117647
1 0.270588 0.141176 0.080882 0.081046
1 0.776471 0.262092 0.064706 0.090196
1 0.869485 0.263399 0.052206 0.066667
1 0.883824 0.335948 0.075000 0.078431
1 0.827574 0.552288 0.136029 0.090196
0 0.828309 0.498693 0.018382 0.071895
1 0.812500 0.654902 0.101471 0.141176
1 0.924265 0.909804 0.151471 0.143791
1 0.912132 0.788235 0.161029 0.138562
0 0.922059 0.720915 0.026471 0.071895
0 0.969118 0.737255 0.023529 0.073203
0 0.946691 0.740523 0.018382 0.069281
0 0.931985 0.446405 0.022794 0.066667
1 0.943750 0.698039 0.112500 0.120261
1 0.950735 0.447059 0.098529 0.104575
1 0.975735 0.379739 0.048529 0.050980
1 0.020588 0.030719 0.041176 0.061438
1 0.059926 0.018954 0.034559 0.037908