1 0.651302 0.894444 0.060937 0.144444
0 0.580729 0.687037 0.012500 0.037037
1 0.516667 0.489352 0.025000 0.049074
1 0.553906 0.392130 0.018229 0.032407
1 0.505208 0.380093 0.018750 0.045370
1 0.544792 0.293981 0.012500 0.019444
1 0.545833 0.273611 0.011458 0.015741
1 0.579688 0.337500 0.014583 0.026852
1 0.543490 0.242130 0.008854 0.015741
1 0.539583 0.218981 0.008333 0.012037
1 0.553125 0.225926 0.009375 0.012963
0 0.802083 0.490278 0.011458 0.021296
0 0.837500 0.510648 0.012500 0.039815
0 0.815885 0.476389 0.009896 0.037963
1 0.740885 0.342593 0.017188 0.029630
1 0.736719 0.496296 0.039062 0.044444
1 0.744792 0.508333 0.046875 0.040741
1 0.756771 0.530556 0.048958 0.035185
1 0.763802 0.546759 0.042188 0.032407
1 0.694531 0.389815 0.043229 0.038889
1 0.678646 0.402315 0.028125 0.030556
1 0.714844 0.418519 0.029687 0.025926
1 0.722656 0.294907 0.025521 0.021296
1 0.745052 0.291667 0.027604 0.014815
1 0.741406 0.288426 0.027604 0.017593