0 0.160294 0.884314 0.016176 0.082353
0 0.142279 0.894118 0.022794 0.073203
0 0.404779 0.679085 0.015441 0.037908
1 0.555147 0.667320 0.051471 0.084967
1 0.455515 0.590196 0.038971 0.090196
1 0.447794 0.490196 0.029412 0.060131
0 0.900735 0.832680 0.017647 0.057516
1 0.800000 0.934641 0.126471 0.115033
1 0.494118 0.373203 0.023529 0.040523
1 0.438971 0.415686 0.025000 0.047059
1 0.405147 0.441176 0.026471 0.064052
1 0.404412 0.395425 0.023529 0.048366
1 0.437500 0.381046 0.022059 0.043137
1 0.441912 0.352288 0.020588 0.037908
1 0.471324 0.257516 0.014706 0.023529
1 0.458824 0.232680 0.011765 0.026144
0 0.403309 0.228105 0.005147 0.019608
0 0.383088 0.474510 0.008824 0.036601
1 0.336397 0.239216 0.031618 0.020915
0 0.407721 0.199346 0.003676 0.019608
1 0.395956 0.199346 0.015441 0.022222
0 0.402206 0.196732 0.004412 0.024837
1 0.499265 0.193464 0.026471 0.023529
1 0.499265 0.200654 0.019118 0.016993