0 0.143382 0.622222 0.016176 0.049673
0 0.337132 0.742484 0.015441 0.073203
1 0.581618 0.807843 0.054412 0.128105
1 0.345956 0.856209 0.091912 0.162092
1 0.436029 0.562092 0.042647 0.078431
1 0.518750 0.523529 0.031618 0.050980
1 0.531985 0.434641 0.024265 0.043137
1 0.434559 0.436601 0.026471 0.044444
1 0.544118 0.311111 0.017647 0.023529
1 0.543015 0.283660 0.015441 0.020915
1 0.550735 0.252941 0.013235 0.022222
1 0.500368 0.268627 0.012500 0.022222
1 0.526838 0.249020 0.011029 0.022222
1 0.556618 0.232026 0.008824 0.016993
0 0.309559 0.465359 0.011765 0.033987
0 0.394485 0.443791 0.006618 0.027451
0 0.258088 0.346405 0.008824 0.031373
1 0.300368 0.341176 0.033088 0.026144
0 0.315074 0.401961 0.013971 0.037908
0 0.584559 0.410458 0.008824 0.026144
0 0.569853 0.343137 0.007353 0.019608
0 0.580147 0.296078 0.007353 0.016993
0 0.569853 0.276471 0.004412 0.014379
1 0.534559 0.353595 0.017647 0.035294
1 0.515441 0.288889 0.013235 0.028758
1 0.503676 0.253595 0.011765 0.023529
1 0.552941 0.604575 0.039706 0.092810
1 0.786397 0.610458 0.043382 0.062745
1 0.759559 0.491503 0.042647 0.062745
1 0.958456 0.798693 0.083088 0.112418
0 0.669853 0.367974 0.007353 0.030065
1 0.712132 0.348366 0.041912 0.032680
1 0.694118 0.326797 0.017647 0.028758
1 0.688235 0.308497 0.016176 0.023529
0 0.775368 0.366667 0.006618 0.030065
0 0.711765 0.313725 0.005882 0.026144
0 0.581985 0.258170 0.003676 0.014379
1 0.580515 0.252288 0.016912 0.020915
1 0.583088 0.232026 0.011765 0.019608
1 0.577206 0.213725 0.008824 0.016993
1 0.554044 0.215686 0.008088 0.013072
1 0.556618 0.207843 0.007353 0.013072
1 0.545221 0.194118 0.006618 0.011765
1 0.544485 0.180392 0.006618 0.007843
1 0.561029 0.183007 0.007353 0.010458
1 0.394853 0.274510 0.033824 0.028758
1 0.487132 0.199346 0.030147 0.019608