1 0.447396 0.745370 0.055208 0.157407
1 0.496875 0.475926 0.039583 0.096296
1 0.391146 0.167593 0.021875 0.050000
1 0.202083 0.486111 0.058333 0.098148
1 0.066667 0.468519 0.060417 0.062963
0 0.176042 0.243519 0.010417 0.024074
0 0.175521 0.252778 0.007292 0.024074
0 0.229167 0.164815 0.010417 0.025926
0 0.227083 0.168519 0.008333 0.022222
0 0.799479 0.862963 0.026042 0.055556
1 0.357292 0.070370 0.035417 0.029630
1 0.409896 0.061111 0.017708 0.033333
1 0.386458 0.033333 0.035417 0.025926
1 0.364583 0.012963 0.029167 0.025926
1 0.410417 0.012963 0.031250 0.025926