0 0.567647 0.766667 0.004412 0.014379
1 0.525000 0.459477 0.019118 0.014379
1 0.545956 0.392810 0.006618 0.014379
1 0.431250 0.383007 0.008088 0.015686
1 0.436397 0.342484 0.008088 0.015686
1 0.443015 0.314379 0.006618 0.011765
1 0.457353 0.343137 0.005882 0.014379
1 0.455882 0.378431 0.007353 0.014379
1 0.479044 0.341176 0.008088 0.010458
1 0.537868 0.269935 0.009559 0.009150
1 0.466544 0.186275 0.003676 0.006536
1 0.477574 0.180392 0.003676 0.005229
1 0.492647 0.194118 0.002941 0.006536
1 0.441544 0.190196 0.003676 0.006536
1 0.472059 0.191503 0.002941 0.003922
0 0.504779 0.226797 0.002206 0.006536
1 0.486029 0.169281 0.002941 0.006536
1 0.492279 0.150980 0.002206 0.006536
1 0.491912 0.143137 0.002941 0.003922
1 0.485662 0.120261 0.002206 0.005229
1 0.523529 0.155556 0.002941 0.005229
1 0.477941 0.115686 0.002941 0.003922