1 0.760662 0.980392 0.052206 0.039216
1 0.657353 0.800654 0.054412 0.124183
1 0.458456 0.776471 0.047794 0.141176
1 0.330515 0.919608 0.061029 0.160784
1 0.410294 0.649020 0.054412 0.113725
1 0.512500 0.524183 0.033824 0.073203
1 0.373162 0.484314 0.037500 0.058824
1 0.502941 0.416340 0.026471 0.056209
1 0.455147 0.358824 0.026471 0.056209
1 0.499632 0.355556 0.025735 0.049673
1 0.503309 0.309804 0.025735 0.049673
1 0.454412 0.240523 0.023529 0.041830
1 0.409191 0.231373 0.022794 0.041830
1 0.445588 0.288889 0.054412 0.049673
0 0.397794 0.526797 0.011765 0.054902
0 0.402941 0.468627 0.011765 0.053595
1 0.196691 0.300000 0.053676 0.050980
1 0.262132 0.260784 0.033088 0.056209
1 0.233088 0.258170 0.032353 0.056209
1 0.328676 0.279085 0.051471 0.050980
1 0.339338 0.268627 0.041912 0.040523
1 0.333088 0.248366 0.050000 0.036601
1 0.358088 0.216993 0.050000 0.036601
1 0.374265 0.202614 0.050000 0.036601
1 0.369853 0.186275 0.039706 0.030065
1 0.388971 0.177124 0.038235 0.027451
1 0.394853 0.170588 0.038235 0.027451
1 0.381985 0.158824 0.038971 0.027451
1 0.387868 0.145752 0.038971 0.027451
1 0.388235 0.133987 0.038235 0.027451
1 0.387500 0.132680 0.038235 0.027451
1 0.411397 0.131373 0.038971 0.027451
1 0.396324 0.118301 0.038235 0.027451
1 0.395956 0.105229 0.038971 0.027451
1 0.389706 0.132026 0.042647 0.033987
1 0.350000 0.149673 0.038235 0.032680
1 0.325368 0.118954 0.016912 0.026144
1 0.454779 0.182353 0.021324 0.061438
1 0.456618 0.102614 0.013235 0.022222
1 0.525735 0.172549 0.022059 0.049673
1 0.546691 0.158824 0.036029 0.035294
1 0.525368 0.134641 0.015441 0.023529
1 0.547426 0.131373 0.028676 0.022222
1 0.543750 0.122222 0.028676 0.022222
1 0.460662 0.069935 0.013971 0.019608
1 0.460662 0.034641 0.013971 0.019608
1 0.459926 0.014379 0.011029 0.020915
0 0.526838 0.269935 0.008088 0.032680
0 0.535294 0.319608 0.007353 0.032680
0 0.545588 0.321569 0.007353 0.033987
0 0.541176 0.322222 0.005882 0.032680
0 0.532721 0.388889 0.011029 0.030065
1 0.676471 0.556863 0.066176 0.073203
1 0.649265 0.443791 0.069118 0.045752
0 0.506618 0.045098 0.007353 0.014379
0 0.444118 0.032680 0.004412 0.013072