0 0.136029 0.898693 0.047059 0.095425
1 0.214338 0.413072 0.059559 0.112418
0 0.608824 0.769935 0.025000 0.054902
0 0.597794 0.742484 0.027941 0.078431
0 0.722794 0.762745 0.035294 0.113725
0 0.724632 0.715033 0.025735 0.067974
0 0.711397 0.619608 0.024265 0.081046
0 0.658088 0.527451 0.025000 0.084967
0 0.666544 0.389542 0.019853 0.065359
1 0.814338 0.874510 0.096324 0.250980
1 0.712132 0.435294 0.053676 0.141176
1 0.792279 0.495425 0.063971 0.167320
1 0.712500 0.299346 0.042647 0.083660
1 0.779779 0.324183 0.046324 0.099346
1 0.709559 0.200654 0.036765 0.066667
1 0.773529 0.214379 0.044118 0.075817
1 0.771691 0.150980 0.037500 0.064052
1 0.764338 0.086275 0.028676 0.057516
1 0.754412 0.052288 0.025000 0.044444
0 0.700735 0.074510 0.013235 0.054902
0 0.634926 0.250980 0.012500 0.067974
0 0.941176 0.306536 0.019118 0.050980
1 0.975368 0.179739 0.049265 0.050980
1 0.959191 0.164706 0.069853 0.052288
1 0.942279 0.128105 0.069853 0.047059
1 0.925735 0.057516 0.060294 0.036601
1 0.903309 0.041830 0.049265 0.031373
1 0.924632 0.032026 0.069853 0.032680