1 0.244792 0.925000 0.070833 0.146296
1 0.245312 0.604630 0.055208 0.124074
1 0.286458 0.648148 0.054167 0.129630
1 0.563021 0.623148 0.040625 0.105556
1 0.397917 0.327778 0.033333 0.070370
1 0.405729 0.218519 0.023958 0.051852
1 0.638021 0.387037 0.034375 0.074074
1 0.758854 0.511111 0.046875 0.081481
1 0.717187 0.759259 0.063542 0.144444
0 0.816146 0.782407 0.021875 0.057407
0 0.815104 0.572222 0.015625 0.051852
1 0.268750 0.204630 0.047917 0.038889
1 0.293750 0.221296 0.045833 0.038889
1 0.279167 0.188889 0.041667 0.033333
1 0.528646 0.149074 0.017708 0.035185
1 0.631250 0.124074 0.027083 0.055556
1 0.526563 0.092593 0.015625 0.029630
1 0.445833 0.061111 0.014583 0.029630
1 0.423437 0.057407 0.013542 0.025926
0 0.630208 0.216667 0.006250 0.029630
0 0.457813 0.072222 0.005208 0.022222
0 0.372917 0.149074 0.004167 0.027778
1 0.367188 0.136111 0.019792 0.035185
1 0.374479 0.113889 0.017708 0.031481
1 0.085938 0.615741 0.059375 0.064815
1 0.036458 0.860185 0.070833 0.187037