1 0.271691 0.146405 0.011029 0.015686
1 0.283456 0.183660 0.015441 0.016993
1 0.163603 0.211111 0.036029 0.019608
0 0.915441 0.718301 0.022059 0.050980
1 0.711765 0.647712 0.085294 0.074510
0 0.577574 0.368627 0.009559 0.026144
1 0.372059 0.105229 0.005882 0.009150
1 0.373897 0.152288 0.009559 0.014379
1 0.396691 0.148366 0.013971 0.024837
1 0.402206 0.177124 0.011765 0.016993
1 0.459191 0.249673 0.019853 0.020915
0 0.477206 0.225490 0.005882 0.014379
1 0.711397 0.254248 0.024265 0.027451
1 0.598162 0.275817 0.030147 0.026144