0 0.946324 0.546405 0.011765 0.041830
0 0.810294 0.909150 0.017647 0.056209
0 0.858456 0.892810 0.016912 0.047059
0 0.919853 0.758824 0.016176 0.043137
0 0.943015 0.802614 0.025735 0.052288
0 0.946324 0.796732 0.014706 0.053595
1 0.662500 0.541176 0.075000 0.083660
1 0.587500 0.479085 0.073529 0.077124
1 0.617647 0.421569 0.035294 0.071895
1 0.566544 0.377124 0.046324 0.066667
1 0.638971 0.050980 0.035294 0.031373
1 0.610294 0.216340 0.041176 0.043137
0 0.550735 0.051634 0.005882 0.027451
1 0.521691 0.086275 0.038971 0.039216
1 0.623897 0.028758 0.031618 0.039216
1 0.604044 0.019608 0.028676 0.039216
1 0.579044 0.009804 0.031618 0.019608
1 0.481250 0.301961 0.049265 0.065359
1 0.451103 0.285621 0.031618 0.061438
1 0.537132 0.930719 0.088971 0.138562
0 0.346324 0.942484 0.013235 0.041830
0 0.333456 0.922222 0.016912 0.035294
1 0.423162 0.808497 0.086029 0.132026
1 0.300368 0.654902 0.063971 0.109804
0 0.383824 0.222222 0.005882 0.036601
1 0.048162 0.343137 0.052206 0.069281
1 0.302574 0.216993 0.027206 0.054902
1 0.148897 0.017647 0.036029 0.027451
1 0.116912 0.081699 0.036765 0.043137
1 0.192279 0.143791 0.038971 0.044444
1 0.231985 0.172549 0.056618 0.044444
1 0.265441 0.201961 0.041176 0.053595
1 0.028676 0.013725 0.032353 0.027451