1 0.335938 0.633333 0.055208 0.107407
1 0.245312 0.571296 0.059375 0.083333
0 0.185417 0.848148 0.018750 0.033333
1 0.435417 0.700000 0.056250 0.118519
1 0.317708 0.495370 0.060417 0.079630
1 0.369792 0.489815 0.058333 0.079630
1 0.552604 0.467593 0.046875 0.075926
1 0.642188 0.211111 0.036458 0.051852
1 0.609375 0.154630 0.031250 0.046296
1 0.665104 0.088889 0.030208 0.051852
1 0.690104 0.060185 0.023958 0.050000
1 0.716667 0.076852 0.035417 0.053704
1 0.788542 0.025000 0.033333 0.035185
1 0.422917 0.969444 0.068750 0.061111