1 0.595714 0.550000 0.047143 0.037143
1 0.541429 0.567619 0.044286 0.034286
1 0.681071 0.489524 0.032143 0.022857
1 0.510714 0.729048 0.020000 0.050476
1 0.765714 0.808095 0.042857 0.071429
1 0.840357 0.771905 0.063571 0.042857
0 0.320000 0.420952 0.004286 0.022857
0 0.430000 0.305238 0.004286 0.012381
1 0.516429 0.512381 0.014286 0.022857
1 0.520000 0.488095 0.012857 0.025714
1 0.519643 0.273333 0.009286 0.011429
1 0.522143 0.306190 0.010000 0.012381
1 0.686429 0.510000 0.035714 0.023810
0 0.695357 0.464286 0.010714 0.016190
0 0.566071 0.419524 0.003571 0.014286
0 0.553571 0.410000 0.002857 0.014286
1 0.535714 0.799524 0.025714 0.067619
1 0.537143 0.727143 0.022857 0.061905
1 0.511429 0.637143 0.032857 0.045714
0 0.638571 0.668095 0.004286 0.018095
0 0.127143 0.704286 0.011429 0.020000
1 0.382143 0.194286 0.007143 0.009524