1 0.038571 0.079315 0.031429 0.024112
1 0.299286 0.096447 0.030000 0.022843
1 0.313571 0.156091 0.031429 0.022843
1 0.362857 0.082487 0.014286 0.035533
1 0.390714 0.106599 0.030000 0.025381
1 0.493214 0.038706 0.012143 0.034264
1 0.519286 0.119924 0.030000 0.026650
1 0.562500 0.079315 0.010714 0.039340
1 0.612857 0.048223 0.011429 0.038071
1 0.612500 0.116117 0.009286 0.029188
1 0.932500 0.539975 0.017857 0.054569
1 0.758214 0.876904 0.015000 0.060914
1 0.729643 0.960025 0.036429 0.029188
1 0.528214 0.837563 0.017857 0.063452
1 0.453571 0.796320 0.017143 0.067259
1 0.441071 0.581853 0.013571 0.054569
1 0.327500 0.524112 0.013571 0.045685
0 0.412143 0.545685 0.005714 0.015228
1 0.466429 0.146574 0.027143 0.026650
1 0.366071 0.266497 0.012143 0.040609
0 0.396071 0.271574 0.005000 0.015228
1 0.396786 0.230330 0.012143 0.036802
1 0.422857 0.240482 0.011429 0.034264
1 0.449643 0.239848 0.010714 0.043147
1 0.501429 0.265228 0.012857 0.050761
1 0.444286 0.335025 0.012857 0.045685
1 0.750000 0.209391 0.027143 0.022843
1 0.611071 0.438452 0.012143 0.052030
0 0.583571 0.468909 0.005714 0.011421
1 0.061071 0.880711 0.025000 0.053299
1 0.027143 0.814086 0.027143 0.054569