1 0.431071 0.767619 0.042143 0.087619
1 0.459643 0.751905 0.042143 0.067619
1 0.556429 0.705714 0.040000 0.057143
1 0.587143 0.696667 0.038571 0.060000
1 0.629286 0.685238 0.045714 0.058095
1 0.653571 0.674762 0.042857 0.052381
1 0.595000 0.573333 0.040000 0.053333
1 0.564286 0.577143 0.035714 0.041905
1 0.536071 0.590952 0.039286 0.044762
1 0.455000 0.620952 0.037143 0.053333
1 0.241786 0.546190 0.047857 0.031429
1 0.032857 0.285238 0.020000 0.020000
1 0.631071 0.470952 0.037857 0.025714
1 0.860000 0.637143 0.058571 0.043810