1 0.502857 0.134762 0.004286 0.004762
1 0.509643 0.129048 0.003571 0.002857
1 0.513571 0.124762 0.002857 0.003810
1 0.403214 0.126190 0.006429 0.006667
0 0.562143 0.591429 0.004286 0.013333
1 0.036786 0.556190 0.042143 0.036190
1 0.321786 0.190476 0.007857 0.011429
1 0.920000 0.570952 0.047143 0.027619
1 0.873571 0.571905 0.044286 0.018095
1 0.858929 0.543810 0.037857 0.022857
1 0.837143 0.521429 0.038571 0.021905
1 0.815714 0.494762 0.037143 0.021905
1 0.578929 0.175238 0.009286 0.007619
1 0.601071 0.180476 0.005000 0.006667
1 0.595000 0.172857 0.005714 0.006667
1 0.572143 0.164762 0.007143 0.005714
1 0.586786 0.192381 0.009286 0.005714
1 0.585000 0.189524 0.008571 0.005714
1 0.583571 0.185714 0.010000 0.005714
1 0.575357 0.170952 0.007857 0.002857
1 0.571786 0.160952 0.007857 0.003810
1 0.581786 0.180000 0.009286 0.005714
1 0.624286 0.223810 0.012857 0.009524