1 0.245825 0.849722 0.053236 0.076067
1 0.213987 0.837199 0.060543 0.080705
0 0.008090 0.793135 0.013048 0.035250
0 0.003914 0.803340 0.007829 0.024119
0 0.078549 0.592764 0.008873 0.029685
0 0.090031 0.585343 0.009916 0.029685
0 0.057150 0.471707 0.010960 0.021336
1 0.092641 0.472635 0.046451 0.034323
1 0.061848 0.462430 0.046451 0.030612
1 0.085595 0.439703 0.036534 0.031540
1 0.075939 0.434137 0.028706 0.024119
1 0.064979 0.429963 0.042276 0.036178
1 0.060282 0.409555 0.049582 0.039889
1 0.031315 0.344620 0.034447 0.019481
1 0.029228 0.338590 0.036534 0.018553
1 0.024269 0.330705 0.032881 0.021336
1 0.019833 0.319109 0.027140 0.022263
0 0.039144 0.317718 0.007307 0.019481
1 0.014092 0.303340 0.028184 0.020408
1 0.012787 0.312152 0.024530 0.021336
1 0.010438 0.290816 0.019833 0.017625
1 0.069415 0.265770 0.015658 0.021336
0 0.009134 0.172078 0.003653 0.006494
1 0.153967 0.273191 0.015658 0.023191
0 0.205898 0.445733 0.007829 0.025046
0 0.179802 0.508813 0.010960 0.030612
0 0.170929 0.531076 0.009916 0.023191
0 0.197808 0.543135 0.011482 0.030612
1 0.202505 0.638219 0.057411 0.053803
1 0.218163 0.657236 0.054280 0.047310
1 0.225470 0.680427 0.054280 0.049165
1 0.252871 0.739332 0.058977 0.059369
1 0.296190 0.972635 0.063152 0.052876
0 0.366388 0.683673 0.011482 0.020408
0 0.372651 0.673469 0.011482 0.022263
0 0.816284 0.727273 0.006263 0.016698
0 0.818633 0.728200 0.010960 0.022263
0 0.823330 0.735158 0.010960 0.019481
0 0.820459 0.718460 0.006263 0.023191
0 0.815501 0.709647 0.009916 0.027829
0 0.988518 0.667904 0.012526 0.035250
0 0.981994 0.663265 0.012004 0.035250
1 0.921973 0.300557 0.024530 0.031540
1 0.891701 0.302412 0.029749 0.025974
0 0.828810 0.312152 0.006263 0.015770
0 0.786534 0.299629 0.004175 0.014842
0 0.784708 0.296846 0.004697 0.007421
0 0.776879 0.294527 0.004697 0.015770
0 0.771399 0.295918 0.004175 0.014842
0 0.771399 0.293135 0.003132 0.014842
0 0.775052 0.291744 0.003132 0.013915
1 0.729384 0.352968 0.030793 0.026902
0 0.611430 0.345547 0.006785 0.015770
1 0.641180 0.357143 0.030793 0.025974
1 0.700157 0.444805 0.034969 0.034323
0 0.581159 0.431818 0.007829 0.021336
1 0.600731 0.427644 0.034447 0.029685
0 0.445459 0.356679 0.005741 0.019481
0 0.418841 0.336271 0.004697 0.012059
0 0.374739 0.334879 0.004175 0.009276
0 0.252349 0.489332 0.007829 0.025046
0 0.272443 0.474026 0.009395 0.018553
0 0.272443 0.463358 0.008351 0.019481
0 0.287578 0.465213 0.007307 0.025046
0 0.209290 0.492115 0.008351 0.017625
1 0.279228 0.335343 0.021921 0.032468
1 0.284708 0.279685 0.019311 0.021336
1 0.154228 0.204545 0.013048 0.019481
1 0.193633 0.201763 0.021921 0.013915
0 0.274008 0.269017 0.005219 0.012987
1 0.107777 0.169295 0.010960 0.017625
1 0.096294 0.154453 0.012004 0.013915
1 0.061326 0.130798 0.009916 0.014842
0 0.139092 0.170223 0.003653 0.010204
1 0.061326 0.131262 0.008873 0.012059
0 0.057933 0.108071 0.003132 0.006494
0 0.053497 0.087662 0.002610 0.006494
1 0.227035 0.177180 0.016701 0.012987
1 0.220772 0.174397 0.016701 0.012987
1 0.217902 0.171150 0.015136 0.015770
1 0.211900 0.169295 0.014614 0.013915
1 0.204332 0.164193 0.020355 0.012987
1 0.194415 0.157699 0.016180 0.014842
1 0.190501 0.153525 0.013570 0.015770
1 0.184760 0.153989 0.012526 0.014842
1 0.183194 0.152134 0.013570 0.012987
1 0.179280 0.151670 0.014092 0.015770
1 0.171712 0.140538 0.012526 0.012059
1 0.233038 0.163265 0.017223 0.022263
1 0.228862 0.160019 0.020355 0.023191
1 0.221555 0.159555 0.015136 0.014842
1 0.230428 0.149814 0.013048 0.012059
1 0.250522 0.153989 0.011482 0.014842
1 0.215814 0.153525 0.012004 0.015770
1 0.172495 0.129870 0.016180 0.011132
1 0.155271 0.133117 0.016180 0.012059
1 0.172234 0.125696 0.013570 0.012059
1 0.145094 0.127551 0.012526 0.012059
1 0.140136 0.123840 0.014092 0.013915
1 0.132568 0.118275 0.017745 0.012059
1 0.125783 0.113636 0.016701 0.010204
1 0.118998 0.112245 0.012526 0.011132
1 0.109603 0.106215 0.015658 0.010204
1 0.140658 0.110390 0.014092 0.012987
1 0.132568 0.107607 0.012526 0.009276
1 0.127871 0.104824 0.011482 0.011132
1 0.124739 0.103432 0.011482 0.012059
1 0.123173 0.101113 0.012526 0.009276
1 0.105689 0.102968 0.015136 0.011132
1 0.099426 0.101113 0.016180 0.009276
1 0.099426 0.096939 0.013048 0.010204
1 0.120564 0.096939 0.011482 0.010204