0 0.077000 0.069000 0.003000 0.006000
1 0.238500 0.056333 0.016000 0.007333
1 0.334250 0.063667 0.014500 0.008667
1 0.390750 0.032667 0.004500 0.006667
1 0.416750 0.043333 0.005500 0.006667
1 0.394000 0.047333 0.006000 0.008000
1 0.394750 0.056000 0.006500 0.008000
0 0.427250 0.036000 0.001500 0.004000
1 0.500500 0.036000 0.014000 0.008000
1 0.533000 0.036333 0.011000 0.010000
1 0.647500 0.058333 0.011000 0.008667
1 0.636000 0.068667 0.012000 0.012000
1 0.609750 0.063333 0.010500 0.009333
0 0.369750 0.108667 0.002500 0.012000
0 0.390750 0.082000 0.002500 0.009333
0 0.392000 0.081667 0.002000 0.010000
0 0.399250 0.081667 0.001500 0.008667
0 0.419000 0.078000 0.002000 0.008000
1 0.412500 0.074333 0.008000 0.010000
1 0.399500 0.096333 0.008000 0.011333
1 0.415250 0.092667 0.007500 0.010667
1 0.416750 0.103000 0.008500 0.008667
1 0.399250 0.116000 0.010500 0.014667
1 0.416500 0.131667 0.010000 0.012667
1 0.400000 0.137667 0.011000 0.015333
0 0.391000 0.151667 0.004000 0.010000
1 0.425000 0.171000 0.011000 0.019333
1 0.402750 0.206333 0.016500 0.038000
1 0.407000 0.287667 0.017000 0.038000
1 0.415250 0.414667 0.020500 0.050667
1 0.410250 0.528000 0.028500 0.065333
1 0.477750 0.558667 0.034500 0.065333
1 0.541250 0.669000 0.042500 0.072667
0 0.614000 0.758000 0.013000 0.032000
1 0.032250 0.741000 0.064500 0.055333
0 0.520750 0.489667 0.008500 0.016667
1 0.214500 0.014000 0.009000 0.006667
1 0.282000 0.003667 0.007000 0.004667
0 0.439500 0.019667 0.002000 0.004667
0 0.429500 0.025000 0.002000 0.004667