1 0.959750 0.954333 0.068500 0.091333
1 0.925000 0.834333 0.132000 0.094000
1 0.721500 0.785000 0.131000 0.088667
0 0.840500 0.567333 0.026000 0.046667
1 0.371750 0.845333 0.064500 0.190667
0 0.284250 0.688667 0.019500 0.034667
1 0.056250 0.148333 0.041500 0.046000
1 0.086000 0.217667 0.086000 0.047333
1 0.113000 0.714667 0.132000 0.084000
1 0.071500 0.892667 0.143000 0.093333
1 0.056000 0.982667 0.108000 0.034667
1 0.386000 0.627333 0.059000 0.137333
1 0.480750 0.524000 0.048500 0.121333
1 0.551500 0.432667 0.047000 0.090667
1 0.384000 0.479333 0.043000 0.100000
1 0.385500 0.373667 0.040000 0.084667
1 0.450500 0.266333 0.032000 0.063333
1 0.513250 0.273667 0.036500 0.056667
1 0.570000 0.258000 0.034000 0.054667
1 0.333750 0.254667 0.030500 0.057333
0 0.377750 0.237667 0.013500 0.024667
1 0.615750 0.202667 0.068500 0.040000
1 0.618500 0.175667 0.059000 0.030000
1 0.624750 0.152333 0.060500 0.031333
1 0.590750 0.116667 0.048500 0.038667
0 0.558250 0.089667 0.007500 0.014000
0 0.568500 0.080667 0.006000 0.018667
0 0.574000 0.077000 0.006000 0.026000
1 0.570250 0.069667 0.044500 0.031333
1 0.566500 0.057333 0.048000 0.032000
1 0.559750 0.049667 0.047500 0.031333
1 0.524500 0.112667 0.047000 0.044000
1 0.472500 0.119000 0.024000 0.036667
0 0.364000 0.124667 0.009000 0.028000
1 0.400750 0.110333 0.024500 0.039333
1 0.400500 0.070667 0.022000 0.033333
1 0.397250 0.020667 0.018500 0.029333
1 0.472000 0.031667 0.019000 0.028667
1 0.537750 0.007000 0.039500 0.014000
1 0.443250 0.006667 0.016500 0.013333
0 0.419250 0.005333 0.007500 0.010667