0 0.278929 0.321701 0.002143 0.008883
1 0.470000 0.015228 0.002857 0.005076
1 0.476786 0.027919 0.002143 0.005076
1 0.470000 0.032995 0.002857 0.005076
1 0.471786 0.038071 0.002143 0.005076
1 0.480714 0.036802 0.002857 0.005076
1 0.476786 0.039340 0.002143 0.005076
1 0.480000 0.043147 0.002857 0.005076
1 0.481429 0.050127 0.002857 0.003807
1 0.482857 0.062183 0.002857 0.005076
1 0.468929 0.061548 0.002143 0.003807
1 0.463571 0.065990 0.002857 0.005076
1 0.467857 0.067259 0.002857 0.005076
1 0.126429 0.679569 0.008571 0.021574
1 0.137500 0.674492 0.009286 0.021574
1 0.196429 0.644670 0.010000 0.020305
1 0.147143 0.671320 0.010000 0.017766
1 0.167857 0.658629 0.008571 0.022843
1 0.177500 0.652284 0.007857 0.017766
1 0.206786 0.642132 0.009286 0.017766
1 0.216071 0.638959 0.009286 0.019036
0 0.148571 0.865482 0.004286 0.012690
0 0.150714 0.861675 0.004286 0.012690
0 0.226071 0.871827 0.003571 0.015228
0 0.371071 0.809010 0.003571 0.008883
0 0.328214 0.769036 0.005000 0.010152
1 0.263214 0.623731 0.016429 0.021574
1 0.288929 0.614848 0.013571 0.019036
1 0.303214 0.607234 0.017857 0.024112
1 0.277143 0.619289 0.014286 0.020305
1 0.316429 0.602157 0.015714 0.019036
1 0.328214 0.597716 0.013571 0.020305
1 0.247500 0.549492 0.016429 0.017766
1 0.329286 0.505076 0.015714 0.017766
1 0.355714 0.526015 0.015714 0.019036
1 0.203571 0.479061 0.014286 0.013959
1 0.250357 0.449239 0.012143 0.012690
1 0.304643 0.411168 0.012143 0.012690
1 0.321429 0.397208 0.014286 0.012690
1 0.378571 0.586294 0.017143 0.015228
1 0.379643 0.595178 0.016429 0.015228
1 0.437500 0.500635 0.015000 0.021574
1 0.435000 0.555838 0.010000 0.017766
1 0.378571 0.607234 0.017143 0.013959
1 0.403929 0.615482 0.016429 0.012690
1 0.459643 0.557107 0.015000 0.012690
1 0.431786 0.476523 0.015000 0.016497
1 0.505000 0.641497 0.017143 0.013959
1 0.527143 0.634518 0.017143 0.017766
1 0.547143 0.629442 0.017143 0.015228
0 0.457857 0.781726 0.002857 0.010152
0 0.481786 0.755711 0.002143 0.011421
1 0.618214 0.748096 0.022143 0.021574
0 0.636786 0.674492 0.003571 0.011421
0 0.636429 0.668782 0.002857 0.012690
0 0.631429 0.670051 0.002857 0.010152
1 0.763571 0.642132 0.017143 0.022843
1 0.731071 0.536802 0.017857 0.015228
1 0.780714 0.543147 0.018571 0.012690
1 0.842143 0.532995 0.017143 0.025381
1 0.849643 0.530457 0.016429 0.025381
1 0.858929 0.526650 0.015000 0.020305
1 0.876786 0.519036 0.016429 0.022843
1 0.941071 0.497462 0.019286 0.025381
1 0.951429 0.494289 0.018571 0.026650
1 0.986786 0.482234 0.019286 0.027919
1 0.961071 0.490482 0.016429 0.021574
1 0.973214 0.487310 0.013571 0.020305
1 0.996071 0.479061 0.007857 0.024112
1 0.992857 0.480330 0.014286 0.024112
0 0.790714 0.482234 0.002857 0.007614
0 0.895000 0.467005 0.002857 0.010152
0 0.832500 0.473350 0.002143 0.010152
0 0.936429 0.457487 0.002857 0.008883
0 0.958214 0.448604 0.002143 0.006345
0 0.891071 0.467640 0.002143 0.008883
1 0.943929 0.366751 0.013571 0.010152
1 0.899643 0.345178 0.012143 0.010152
1 0.895357 0.372462 0.015000 0.008883
1 0.893571 0.383249 0.014286 0.010152
1 0.841786 0.371193 0.013571 0.008883
1 0.855714 0.360406 0.012857 0.010152
1 0.796429 0.371827 0.014286 0.010152
1 0.798929 0.362944 0.012143 0.010152
1 0.767143 0.361041 0.010000 0.008883
1 0.718571 0.331853 0.010000 0.008883
1 0.731071 0.375635 0.013571 0.010152
1 0.728571 0.342640 0.012857 0.012690
1 0.689286 0.359137 0.012857 0.010152
0 0.752857 0.310279 0.001429 0.006345
0 0.702500 0.305838 0.002143 0.005076
1 0.651071 0.371827 0.012143 0.010152
1 0.666429 0.440355 0.014286 0.012690
1 0.690714 0.431472 0.014286 0.010152
1 0.681429 0.497462 0.014286 0.020305
1 0.635357 0.425761 0.010714 0.016497
1 0.646429 0.279188 0.014286 0.012690
1 0.537500 0.301396 0.007857 0.011421
1 0.560714 0.324239 0.008571 0.011421
1 0.512143 0.370558 0.012857 0.010152
1 0.494643 0.406091 0.012143 0.010152
1 0.552500 0.406091 0.013571 0.012690
1 0.457500 0.380711 0.013571 0.015228
1 0.495357 0.414340 0.013571 0.013959
1 0.388929 0.365482 0.010714 0.010152
1 0.340357 0.386421 0.010714 0.011421
1 0.351429 0.375000 0.010000 0.011421
1 0.362857 0.361675 0.011429 0.010152
0 0.402500 0.295051 0.002143 0.008883
0 0.399643 0.286168 0.002143 0.006345
1 0.400714 0.137690 0.010000 0.006345
1 0.401429 0.134518 0.007143 0.010152
1 0.412143 0.173223 0.008571 0.006345
1 0.412500 0.167513 0.009286 0.007614
1 0.483214 0.072970 0.002143 0.006345
1 0.463214 0.074239 0.003571 0.006345
1 0.454643 0.125000 0.006429 0.006345
1 0.467143 0.078046 0.002857 0.006345
1 0.472143 0.071701 0.002857 0.006345
1 0.477500 0.085025 0.002143 0.005076
1 0.482500 0.086929 0.002143 0.006345
1 0.480714 0.095812 0.002857 0.006345
1 0.471786 0.082487 0.002143 0.005076
1 0.462143 0.079949 0.004286 0.005076
1 0.466429 0.087563 0.002857 0.005076
1 0.471071 0.089467 0.002143 0.006345
1 0.461429 0.088832 0.002857 0.007614
1 0.466786 0.096447 0.002143 0.007614
1 0.470714 0.097716 0.004286 0.005076
1 0.466071 0.103426 0.003571 0.006345
1 0.468214 0.108503 0.003571 0.006345
1 0.470000 0.113579 0.002857 0.006345
1 0.459643 0.109772 0.002143 0.006345
1 0.459643 0.118655 0.003571 0.008883
1 0.481786 0.116751 0.002143 0.007614
1 0.480357 0.125635 0.002143 0.007614
1 0.482857 0.136421 0.002857 0.008883
1 0.476429 0.136421 0.002857 0.006345
1 0.487143 0.148477 0.004286 0.007614
1 0.487500 0.223985 0.006429 0.008883
1 0.492143 0.203680 0.004286 0.008883
1 0.501429 0.220178 0.005714 0.008883
1 0.493571 0.232234 0.007143 0.010152
1 0.483929 0.216371 0.005000 0.008883
1 0.479643 0.210025 0.005000 0.008883
1 0.467143 0.175761 0.002857 0.006345
1 0.471786 0.166878 0.003571 0.006345
1 0.472857 0.173223 0.004286 0.008883
1 0.477143 0.188452 0.004286 0.006345
1 0.469643 0.184010 0.003571 0.007614
1 0.471071 0.189721 0.003571 0.008883
1 0.473214 0.195431 0.005000 0.007614
1 0.475714 0.200508 0.004286 0.010152
0 0.495357 0.154822 0.002143 0.007614
0 0.209286 0.427030 0.002857 0.006345