0 0.475250 0.601667 0.022500 0.059333
1 0.445500 0.717000 0.071000 0.164667
0 0.391000 0.438333 0.010000 0.040667
1 0.326750 0.364000 0.068500 0.040000
1 0.321500 0.314667 0.061000 0.037333
1 0.336250 0.267000 0.024500 0.026000
1 0.360750 0.249333 0.021500 0.025333
1 0.372250 0.282667 0.025500 0.030667
1 0.343000 0.198667 0.016000 0.020000
1 0.391750 0.179667 0.017500 0.016667
1 0.419250 0.210333 0.018500 0.028667
0 0.376000 0.202333 0.006000 0.015333
1 0.333000 0.175333 0.015000 0.014667
1 0.331250 0.164000 0.013500 0.020000
0 0.336250 0.148333 0.004500 0.010000
0 0.333250 0.145333 0.003500 0.009333
1 0.300750 0.118333 0.008500 0.011333
1 0.314250 0.119667 0.008500 0.010000
1 0.327250 0.092667 0.006500 0.009333
1 0.399500 0.120667 0.010000 0.012000
1 0.396750 0.108667 0.009500 0.009333
1 0.359500 0.083667 0.006000 0.008667
1 0.371750 0.092333 0.005500 0.008667
1 0.386500 0.099667 0.007000 0.007333
1 0.403500 0.103667 0.008000 0.008667
1 0.421250 0.106000 0.007500 0.008000
1 0.433250 0.105000 0.007500 0.008667
0 0.423750 0.100333 0.003500 0.007333
1 0.431000 0.110667 0.009000 0.009333
1 0.437000 0.114667 0.009000 0.009333
1 0.608750 0.473333 0.069500 0.073333
1 0.534250 0.295333 0.037500 0.040000
1 0.457750 0.258333 0.026500 0.028667
1 0.953000 0.391667 0.083000 0.046000
1 0.942500 0.318667 0.076000 0.033333
1 0.720500 0.266667 0.038000 0.025333
0 0.701250 0.250000 0.005500 0.024000
0 0.708750 0.245000 0.005500 0.022000
0 0.699500 0.234333 0.006000 0.022000
0 0.662750 0.224000 0.005500 0.021333
1 0.607750 0.207667 0.026500 0.019333
1 0.594750 0.200333 0.021500 0.015333
0 0.568000 0.195667 0.005000 0.012667
1 0.549000 0.178000 0.024000 0.014667
0 0.553250 0.165667 0.004500 0.015333
1 0.532250 0.167333 0.026500 0.017333
1 0.472750 0.133333 0.012500 0.014667
1 0.462500 0.128333 0.010000 0.010000
1 0.438250 0.135333 0.012500 0.016000
1 0.449000 0.123667 0.016000 0.011333