1 0.589286 0.921905 0.030000 0.080000
1 0.518571 0.366190 0.022857 0.067619
1 0.506071 0.276667 0.023571 0.065714
1 0.467143 0.169048 0.025714 0.061905
1 0.158571 0.642381 0.054286 0.027619
1 0.475357 0.863810 0.027857 0.074286
1 0.574286 0.820476 0.027143 0.071429
1 0.562857 0.743810 0.025714 0.068571
1 0.560714 0.668095 0.025714 0.071429
1 0.841429 0.510476 0.055714 0.041905
1 0.462857 0.774762 0.028571 0.075238
1 0.449286 0.696667 0.030000 0.073333
1 0.528571 0.456190 0.025714 0.066667
1 0.417857 0.117143 0.028571 0.072381
1 0.425714 0.530476 0.045714 0.059048
1 0.311786 0.589048 0.053571 0.035238
1 0.257143 0.664762 0.048571 0.036190
1 0.173571 0.687619 0.050000 0.040000
1 0.238571 0.630000 0.057143 0.033333
1 0.059643 0.611429 0.056429 0.038095
1 0.245357 0.567619 0.056429 0.034286
0 0.099286 0.754762 0.017143 0.012381
0 0.367143 0.698095 0.012857 0.015238
0 0.450000 0.879524 0.010000 0.020000
0 0.344643 0.169048 0.009286 0.016190
0 0.364643 0.235238 0.009286 0.015238
0 0.355000 0.229048 0.008571 0.014286
0 0.383929 0.398571 0.006429 0.010476
0 0.387500 0.471905 0.007857 0.008571
0 0.242500 0.520476 0.012143 0.010476
0 0.186786 0.533810 0.013571 0.008571
0 0.094286 0.554762 0.020000 0.010476
0 0.076071 0.570476 0.020714 0.007619
0 0.072143 0.662857 0.018571 0.009524
0 0.089286 0.655238 0.017143 0.011429
0 0.457143 0.016190 0.008571 0.024762