1 0.632500 0.819333 0.175000 0.229333
0 0.627000 0.934667 0.022000 0.069333
0 0.738500 0.871667 0.035000 0.074000
0 0.531250 0.842333 0.020500 0.076667
0 0.526250 0.824000 0.011500 0.029333
0 0.516750 0.910667 0.036500 0.076000
0 0.308750 0.963667 0.039500 0.060667
0 0.293500 0.943667 0.024000 0.044667
0 0.336000 0.640667 0.033000 0.056000
0 0.418250 0.650333 0.019500 0.056667
0 0.435000 0.672333 0.021000 0.064667
0 0.446750 0.690333 0.020500 0.067333
0 0.390750 0.581333 0.013500 0.052000
0 0.427250 0.595000 0.021500 0.060667
0 0.414750 0.582000 0.016500 0.054667
0 0.437750 0.586333 0.015500 0.054000
0 0.423500 0.566667 0.018000 0.053333
0 0.383500 0.569333 0.012000 0.061333
0 0.418750 0.547667 0.014500 0.054000
0 0.434250 0.543000 0.012500 0.051333
0 0.451500 0.580667 0.011000 0.058667
0 0.452750 0.541667 0.018500 0.031333
0 0.478500 0.558333 0.015000 0.051333
0 0.512000 0.577667 0.012000 0.054000
0 0.533250 0.564000 0.011500 0.054667
0 0.547000 0.535667 0.012000 0.046000
0 0.522000 0.534333 0.013000 0.047333
0 0.501750 0.528333 0.012500 0.052667
0 0.488250 0.548667 0.013500 0.028000
0 0.487500 0.519667 0.020000 0.040667
0 0.506500 0.501000 0.017000 0.046000
0 0.513750 0.502333 0.008500 0.059333
0 0.536500 0.523333 0.011000 0.050667
0 0.531000 0.495000 0.014000 0.042000
0 0.542000 0.491333 0.012000 0.029333
0 0.552750 0.478333 0.012500 0.044667
0 0.552250 0.504333 0.012500 0.044667
0 0.560500 0.498333 0.009000 0.048667
0 0.565000 0.562667 0.013000 0.050667
0 0.577000 0.567667 0.018000 0.054000
0 0.564250 0.579333 0.008500 0.018667
0 0.570750 0.583667 0.008500 0.019333
0 0.525500 0.639000 0.014000 0.030000
0 0.524250 0.647333 0.014500 0.061333
0 0.121250 0.648000 0.026500 0.064000
1 0.039750 0.661333 0.079500 0.108000
1 0.341750 0.553000 0.071500 0.106000
0 0.172500 0.562000 0.020000 0.058667
0 0.200500 0.512333 0.019000 0.046000
0 0.193750 0.531333 0.017500 0.037333
0 0.226500 0.491667 0.015000 0.032667
0 0.250750 0.506000 0.013500 0.034667
0 0.241250 0.482333 0.013500 0.032667
0 0.246500 0.496000 0.014000 0.037333
0 0.387000 0.371333 0.011000 0.036000
1 0.440500 0.430000 0.067000 0.073333
1 0.500500 0.474333 0.092000 0.074000
0 0.412000 0.330333 0.009000 0.023333
0 0.425750 0.323333 0.008500 0.020000
0 0.445250 0.328000 0.005500 0.026667
0 0.629500 0.453333 0.012000 0.037333
0 0.629500 0.412333 0.013000 0.042000
0 0.701250 0.444333 0.012500 0.043333
0 0.730750 0.438000 0.015500 0.044000
0 0.680500 0.411000 0.010000 0.019333
0 0.696000 0.404000 0.010000 0.025333
0 0.748750 0.387000 0.011500 0.034000
0 0.750250 0.376333 0.013500 0.032667
0 0.800250 0.368333 0.011500 0.038000
0 0.779250 0.389333 0.015500 0.032000
1 0.851250 0.391333 0.060500 0.049333
1 0.921250 0.418000 0.085500 0.070667
1 0.942750 0.446000 0.087500 0.070667
1 0.905500 0.544667 0.107000 0.094667
0 0.934500 0.494333 0.022000 0.040667
0 0.988750 0.495667 0.022500 0.047333
0 0.984750 0.440000 0.015500 0.037333
0 0.967000 0.365333 0.020000 0.032000
0 0.802500 0.335667 0.010000 0.031333
0 0.806000 0.332333 0.009000 0.030000
0 0.843000 0.346333 0.009000 0.026000
0 0.850500 0.348000 0.012000 0.033333
0 0.864250 0.344667 0.010500 0.026667
0 0.878250 0.354000 0.013500 0.034667
0 0.876250 0.327000 0.009500 0.027333
0 0.900250 0.318333 0.009500 0.028667
0 0.892750 0.326333 0.007500 0.012667
1 0.784500 0.322333 0.079000 0.043333
1 0.914000 0.348333 0.047000 0.047333
1 0.954500 0.333333 0.046000 0.040000
0 0.945750 0.325667 0.012500 0.022000
1 0.982000 0.300667 0.036000 0.053333
1 0.893750 0.158667 0.026500 0.012000
1 0.942750 0.210000 0.040500 0.018667
1 0.883000 0.201000 0.039000 0.018000
0 0.950250 0.252667 0.011500 0.024000
1 0.822750 0.295000 0.057500 0.034000
1 0.828750 0.286667 0.051500 0.037333
1 0.853000 0.283333 0.049000 0.033333
1 0.868500 0.279000 0.056000 0.031333
1 0.903250 0.255667 0.058500 0.036667
1 0.911500 0.254000 0.050000 0.026667
1 0.916250 0.248000 0.045500 0.024000
1 0.919000 0.240667 0.049000 0.025333
1 0.869500 0.232333 0.043000 0.027333
1 0.814750 0.224000 0.040500 0.021333
1 0.784750 0.187333 0.029500 0.014667
1 0.734000 0.140333 0.018000 0.010000
0 0.826750 0.229000 0.004500 0.018000
1 0.268750 0.210333 0.032500 0.015333
1 0.257250 0.203333 0.027500 0.017333
1 0.245000 0.162000 0.023000 0.012000
1 0.230250 0.157667 0.021500 0.011333
1 0.213750 0.152000 0.019500 0.010667
1 0.210000 0.150333 0.017000 0.008667
1 0.206000 0.149333 0.018000 0.009333
1 0.202000 0.149333 0.016000 0.008000
1 0.191250 0.177333 0.029500 0.013333
1 0.184750 0.175000 0.019500 0.012667
1 0.154750 0.180000 0.025500 0.013333
1 0.293750 0.170000 0.015500 0.017333
1 0.147000 0.177333 0.029000 0.014667
1 0.161000 0.143333 0.009000 0.008000
1 0.142750 0.156667 0.017500 0.009333
1 0.138750 0.155333 0.017500 0.009333
1 0.137000 0.154000 0.018000 0.014667
1 0.127250 0.150333 0.017500 0.011333
1 0.121750 0.148000 0.023500 0.014667
1 0.144750 0.173000 0.022500 0.011333
1 0.134000 0.172333 0.024000 0.014000
1 0.039500 0.421333 0.079000 0.057333
1 0.039500 0.420667 0.079000 0.057333