1 0.077857 0.870558 0.054286 0.048223
1 0.088929 0.840736 0.057857 0.039340
1 0.367857 0.448604 0.012857 0.029188
1 0.380357 0.336294 0.012143 0.025381
1 0.377857 0.060279 0.005714 0.008883
1 0.513929 0.358503 0.015000 0.021574
1 0.676786 0.907995 0.026429 0.077411
1 0.677857 0.704949 0.022857 0.052030
1 0.647500 0.098985 0.009286 0.007614
1 0.649286 0.091371 0.008571 0.010152
1 0.690357 0.085025 0.009286 0.010152
1 0.822857 0.190990 0.011429 0.013959
1 0.800357 0.159898 0.010714 0.012690
1 0.971786 0.230330 0.019286 0.013959
1 0.840357 0.127538 0.007857 0.008883
1 0.846786 0.125000 0.007857 0.011421
1 0.776786 0.057741 0.009286 0.008883
1 0.793929 0.055203 0.009286 0.011421
1 0.834286 0.046320 0.008571 0.008883
1 0.845714 0.031726 0.007143 0.007614
1 0.888571 0.024112 0.007143 0.010152
1 0.905714 0.026015 0.005714 0.008883
1 0.896071 0.018401 0.005000 0.008883
1 0.904286 0.007614 0.005714 0.007614