0 0.573500 0.608667 0.009000 0.045333
0 0.543750 0.593000 0.013500 0.040667
0 0.438000 0.862333 0.020000 0.067333
0 0.421250 0.875000 0.014500 0.066000
0 0.368500 0.840000 0.020000 0.066667
0 0.331250 0.819333 0.021500 0.072000
0 0.295500 0.836333 0.026000 0.034000
1 0.252000 0.787000 0.081000 0.154000
0 0.629500 0.754667 0.020000 0.045333
1 0.644000 0.677667 0.046000 0.091333
0 0.381750 0.630000 0.014500 0.022667
1 0.463250 0.559000 0.033500 0.064667
0 0.510000 0.491000 0.007000 0.016667
0 0.487500 0.457000 0.009000 0.020667
0 0.417000 0.547333 0.009000 0.033333
0 0.408500 0.547333 0.008000 0.037333
1 0.305250 0.557333 0.062500 0.054667
0 0.275000 0.527667 0.009000 0.031333
1 0.300250 0.521333 0.054500 0.038667
1 0.304000 0.499333 0.051000 0.030667
1 0.277500 0.491667 0.051000 0.027333
1 0.208500 0.529000 0.061000 0.028667
1 0.137000 0.529333 0.054000 0.025333
1 0.020500 0.511667 0.041000 0.028667
1 0.013000 0.469333 0.026000 0.029333
1 0.035750 0.442667 0.035500 0.025333
1 0.091000 0.424667 0.027000 0.017333
1 0.109750 0.417667 0.022500 0.015333
1 0.134000 0.406333 0.026000 0.014000
1 0.152500 0.412667 0.019000 0.014667
1 0.144750 0.423000 0.025500 0.014000
1 0.134250 0.426333 0.019500 0.018000
1 0.138750 0.438000 0.032500 0.016000
1 0.414000 0.449667 0.018000 0.022000
0 0.431000 0.439333 0.006000 0.013333
0 0.431750 0.424333 0.004500 0.012667
0 0.418000 0.421667 0.004000 0.016667
0 0.414500 0.422667 0.004000 0.010667
1 0.461000 0.405000 0.013000 0.014000
0 0.447250 0.391000 0.004500 0.012667
1 0.452500 0.389333 0.011000 0.012000
1 0.451000 0.381667 0.009000 0.008667
0 0.442750 0.369000 0.002500 0.004667
1 0.436250 0.370333 0.008500 0.010000
1 0.425500 0.371000 0.010000 0.010000
1 0.429000 0.362000 0.009000 0.008000
1 0.441250 0.361000 0.010500 0.008667
1 0.437250 0.359333 0.006500 0.009333
0 0.417250 0.349000 0.002500 0.003333
1 0.419250 0.341333 0.005500 0.008000
1 0.431750 0.342333 0.005500 0.006000
1 0.424000 0.330000 0.004000 0.004000
1 0.413250 0.332333 0.004500 0.006000