1 0.059750 0.733000 0.119500 0.167333
1 0.900500 0.574000 0.165000 0.116000
1 0.908000 0.503000 0.149000 0.104667
1 0.735500 0.448667 0.098000 0.085333
1 0.631750 0.414667 0.095500 0.085333
1 0.538750 0.385667 0.067500 0.078000
1 0.544000 0.311667 0.071000 0.074000
0 0.466000 0.517333 0.020000 0.064000
1 0.340250 0.289000 0.084500 0.066000
1 0.479750 0.274333 0.070500 0.068667
1 0.448750 0.217000 0.053500 0.075333
1 0.408500 0.211333 0.063000 0.074667
1 0.380250 0.200333 0.058500 0.047333
1 0.342500 0.189000 0.067000 0.070000
1 0.309250 0.182667 0.059500 0.062667
1 0.164000 0.143667 0.072000 0.039333
1 0.132250 0.133667 0.059500 0.043333
1 0.113500 0.125333 0.063000 0.041333
1 0.095000 0.114000 0.067000 0.053333
1 0.055750 0.108333 0.068500 0.034000
1 0.025000 0.095333 0.050000 0.045333
1 0.024250 0.082667 0.048500 0.045333
1 0.195250 0.239667 0.045500 0.052667
1 0.133750 0.210000 0.067500 0.046667
1 0.085250 0.183667 0.062500 0.054000
1 0.026750 0.175333 0.041500 0.048000
0 0.215750 0.283000 0.017500 0.032667
1 0.322000 0.120000 0.056000 0.041333
1 0.293500 0.107333 0.051000 0.048000
1 0.246000 0.092000 0.070000 0.049333
1 0.149500 0.061667 0.044000 0.042000
0 0.067500 0.035000 0.013000 0.023333
0 0.065000 0.021333 0.010000 0.020000