0 0.250714 0.338095 0.017143 0.022857
0 0.320714 0.464286 0.017143 0.023810
0 0.397857 0.455238 0.017143 0.015238
0 0.404286 0.471429 0.017143 0.015238
0 0.561786 0.618571 0.016429 0.021905
0 0.572857 0.625714 0.011429 0.015238
0 0.271786 0.866190 0.017857 0.020000
0 0.285714 0.893333 0.017143 0.022857
0 0.560000 0.930000 0.012857 0.018095
0 0.627143 0.413810 0.014286 0.021905
1 0.237857 0.870476 0.050000 0.150476
1 0.235000 0.695238 0.044286 0.129524
1 0.358571 0.572857 0.042857 0.136190
1 0.280714 0.433333 0.055714 0.118095
1 0.536429 0.215714 0.034286 0.098095
1 0.524643 0.103333 0.036429 0.100000