1 0.025357 0.394762 0.050714 0.040952
1 0.155000 0.401905 0.072857 0.049524
1 0.375714 0.301429 0.054286 0.042857
0 0.061429 0.588571 0.017143 0.036190
0 0.063571 0.577619 0.017143 0.025714
0 0.191071 0.484286 0.019286 0.037143
0 0.187143 0.472381 0.011429 0.036190
0 0.339643 0.473333 0.010714 0.030476
1 0.369286 0.505238 0.064286 0.061905
0 0.447500 0.204286 0.005000 0.014286
1 0.593214 0.186190 0.020714 0.012381
1 0.561429 0.395714 0.028571 0.031429
0 0.585000 0.363810 0.005714 0.019048
0 0.441786 0.470000 0.007857 0.029524
0 0.409643 0.505714 0.010714 0.030476
0 0.470357 0.519048 0.010714 0.032381
0 0.454286 0.527619 0.011429 0.028571
1 0.434643 0.549048 0.072143 0.061905
1 0.636071 0.645238 0.089286 0.080952
1 0.945000 0.794286 0.110000 0.114286
1 0.952500 0.707143 0.095000 0.080952
0 0.936429 0.740476 0.020000 0.023810
0 0.989643 0.764762 0.020714 0.036190
0 0.826786 0.668095 0.023571 0.042857
0 0.753929 0.704762 0.106429 0.089524
1 0.417500 0.107143 0.006429 0.008571