1 0.297500 0.132857 0.007857 0.014286
1 0.289286 0.177143 0.010000 0.017143
1 0.300714 0.210952 0.010000 0.020000
0 0.236071 0.220000 0.003571 0.013333
1 0.324286 0.241905 0.014286 0.019048
1 0.316071 0.279524 0.016429 0.018095
1 0.344643 0.314286 0.022143 0.022857
1 0.363571 0.260476 0.025714 0.021905
1 0.363214 0.343333 0.035000 0.044762
0 0.085714 0.439524 0.008571 0.018095
0 0.094643 0.428095 0.009286 0.014286
0 0.089286 0.430952 0.010000 0.012381
0 0.081071 0.434286 0.007857 0.017143
0 0.171071 0.262857 0.005000 0.009524
0 0.291429 0.285238 0.004286 0.012381
0 0.338929 0.277619 0.006429 0.012381
0 0.271071 0.200476 0.006429 0.016190
1 0.302857 0.238571 0.012857 0.023810
0 0.298571 0.313333 0.004286 0.011429
0 0.377143 0.384286 0.004286 0.012381
0 0.468929 0.461905 0.005000 0.013333
0 0.220714 0.322857 0.005714 0.011429
0 0.284286 0.252857 0.004286 0.008571
0 0.387500 0.544286 0.003571 0.012381
0 0.384643 0.545714 0.005000 0.009524
1 0.387500 0.294762 0.022143 0.027619
1 0.407143 0.273810 0.017143 0.031429
0 0.246071 0.260476 0.003571 0.010476
0 0.193571 0.326667 0.005714 0.013333
1 0.277500 0.323810 0.032143 0.024762
1 0.246786 0.350000 0.022143 0.029524
1 0.222143 0.306667 0.022857 0.026667
1 0.492500 0.229048 0.023571 0.018095
1 0.502143 0.223333 0.017143 0.016190
1 0.446071 0.296190 0.025000 0.022857
1 0.265714 0.461905 0.041429 0.032381
1 0.234643 0.571905 0.046429 0.040952
1 0.085357 0.531905 0.053571 0.027619
1 0.016786 0.559048 0.033571 0.034286
0 0.472143 0.388095 0.004286 0.016190
0 0.470000 0.381429 0.004286 0.014286
1 0.327500 0.798571 0.056429 0.079048
1 0.992143 0.037619 0.007143 0.008571
1 0.819643 0.171905 0.010714 0.016190
1 0.786071 0.220000 0.013571 0.019048
1 0.751071 0.318095 0.037857 0.080000
1 0.737857 0.082381 0.015714 0.012381
1 0.754286 0.072381 0.015714 0.011429
1 0.783214 0.072857 0.012143 0.010476
1 0.777857 0.075238 0.012857 0.011429
1 0.762143 0.065238 0.014286 0.008571
1 0.768929 0.063810 0.013571 0.009524
1 0.703571 0.068095 0.017143 0.012381
1 0.687857 0.103333 0.015714 0.012381
1 0.680000 0.080000 0.014286 0.011429
1 0.659286 0.112381 0.015714 0.011429
1 0.664286 0.085238 0.010000 0.010476
1 0.654286 0.088571 0.015714 0.011429
1 0.643214 0.116667 0.017857 0.016190
1 0.613214 0.140000 0.019286 0.013333
1 0.564286 0.176190 0.022857 0.013333
1 0.560000 0.183810 0.021429 0.011429
1 0.547143 0.189048 0.018571 0.012381
1 0.539286 0.194286 0.021429 0.015238
1 0.528214 0.203810 0.022143 0.015238
1 0.507500 0.307143 0.025000 0.020000
1 0.527500 0.291905 0.027857 0.020000
1 0.535000 0.285714 0.027143 0.019048
1 0.543214 0.278095 0.020714 0.020952
1 0.562857 0.258095 0.024286 0.019048
1 0.556429 0.266190 0.025714 0.018095
1 0.557500 0.387619 0.046429 0.043810
1 0.638571 0.459524 0.101429 0.128571
1 0.711429 0.489524 0.041429 0.072381
1 0.573571 0.667143 0.025714 0.063810
1 0.576786 0.769048 0.032143 0.073333
0 0.737143 0.748571 0.010000 0.022857
0 0.692143 0.590476 0.008571 0.015238