1 0.008090 0.229128 0.016180 0.031540
1 0.010960 0.291280 0.021921 0.031540
1 0.080115 0.403061 0.039144 0.054731
1 0.093424 0.437384 0.052192 0.047310
1 0.233038 0.404453 0.025574 0.061224
1 0.269050 0.356679 0.021399 0.054731
1 0.304541 0.363173 0.025574 0.049165
1 0.423278 0.312152 0.021921 0.049165
1 0.428236 0.396568 0.042276 0.043599
1 0.543841 0.554267 0.042797 0.071429
1 0.654228 0.563080 0.039144 0.068646
1 0.590031 0.758813 0.027662 0.085343
1 0.290710 0.210111 0.037578 0.032468
1 0.275052 0.155380 0.029228 0.028757