0 0.008214 0.095178 0.009286 0.012690
0 0.063929 0.085025 0.006429 0.010152
0 0.063214 0.077411 0.007857 0.010152
0 0.068571 0.084391 0.007143 0.008883
1 0.196786 0.210660 0.032143 0.032995
1 0.059643 0.493020 0.025000 0.021574
1 0.060714 0.539340 0.038571 0.027919
1 0.007143 0.626904 0.014286 0.020305
1 0.136429 0.661802 0.028571 0.024112
0 0.177143 0.697335 0.005714 0.011421
1 0.358214 0.817893 0.032143 0.031726
1 0.181786 0.513325 0.032143 0.029188
1 0.305357 0.260152 0.027857 0.030457
1 0.304286 0.364848 0.030000 0.029188
1 0.346786 0.025381 0.017857 0.050761
1 0.449643 0.238579 0.033571 0.035533
1 0.506071 0.259518 0.029286 0.031726
1 0.545714 0.085025 0.030000 0.030457
1 0.517143 0.404822 0.027143 0.032995
1 0.410714 0.587563 0.018571 0.063452
1 0.462143 0.487944 0.034286 0.029188
0 0.462857 0.538071 0.007143 0.010152
1 0.467143 0.593909 0.022857 0.025381
1 0.505357 0.467005 0.025000 0.030457
1 0.523571 0.562183 0.024286 0.027919
1 0.555000 0.600888 0.024286 0.029188
1 0.578571 0.531091 0.030000 0.036802
1 0.577143 0.699239 0.032857 0.038071
1 0.889286 0.906091 0.022857 0.053299
1 0.914643 0.837563 0.023571 0.055838
1 0.982143 0.638959 0.030000 0.054569
0 0.619643 0.434010 0.006429 0.010152
1 0.653571 0.527284 0.025714 0.031726
1 0.673571 0.618655 0.025714 0.036802
1 0.934643 0.017766 0.029286 0.035533
1 0.705357 0.084391 0.029286 0.034264
1 0.783214 0.075508 0.027857 0.039340
1 0.748571 0.017766 0.028571 0.035533