1 0.194643 0.099524 0.007857 0.008571
1 0.202857 0.069048 0.005714 0.006667
1 0.244643 0.226667 0.015000 0.009524
1 0.222857 0.134762 0.024286 0.021905
1 0.217857 0.112857 0.028571 0.020000
1 0.229286 0.157143 0.021429 0.019048
1 0.312500 0.135714 0.007857 0.010476
1 0.316429 0.120476 0.007143 0.010476
1 0.290714 0.020952 0.007143 0.013333
1 0.295000 0.035238 0.004286 0.005714
1 0.340357 0.045714 0.003571 0.003810
1 0.332857 0.044762 0.004286 0.003810
0 0.250357 0.905714 0.009286 0.020952
1 0.278214 0.894762 0.032143 0.071429
1 0.652143 0.717143 0.040000 0.062857
1 0.420000 0.105714 0.007143 0.007619
1 0.385714 0.140952 0.007143 0.009524
0 0.398214 0.134762 0.002143 0.004762
1 0.383214 0.264762 0.013571 0.022857
1 0.389286 0.249048 0.011429 0.016190
1 0.477500 0.192857 0.005000 0.006667
0 0.663214 0.416190 0.005000 0.011429
1 0.536786 0.511905 0.026429 0.040952
1 0.427143 0.338571 0.015714 0.021905
1 0.447143 0.156667 0.015714 0.008571