1 0.052857 0.040000 0.105714 0.076190
1 0.027143 0.215714 0.054286 0.140000
0 0.064286 0.139524 0.027143 0.044762
0 0.145714 0.112857 0.025714 0.056190
0 0.145714 0.161429 0.025714 0.050476
0 0.069286 0.303810 0.025714 0.036190
0 0.087857 0.320000 0.020000 0.036190
1 0.421786 0.052381 0.047857 0.104762
1 0.331071 0.125714 0.052143 0.137143
1 0.237500 0.082381 0.056429 0.128571
1 0.213214 0.206667 0.062143 0.127619
1 0.181429 0.399524 0.072857 0.155238
1 0.115357 0.384286 0.077857 0.145714
1 0.151071 0.598571 0.076429 0.187619
1 0.051429 0.629048 0.102857 0.193333
1 0.027857 0.887143 0.055714 0.208571
1 0.110714 0.871905 0.098571 0.210476
1 0.173929 0.926667 0.087857 0.142857
0 0.283214 0.576667 0.013571 0.044762
1 0.498214 0.150000 0.042143 0.115238
1 0.580000 0.148571 0.048571 0.110476
1 0.597143 0.489048 0.060000 0.170476
0 0.663571 0.900000 0.024286 0.038095
0 0.678571 0.855238 0.017143 0.043810
1 0.724286 0.937619 0.082857 0.124762
1 0.789643 0.851905 0.105000 0.261905
1 0.866786 0.713810 0.092143 0.206667
1 0.756429 0.626667 0.075714 0.163810
1 0.806071 0.457143 0.080714 0.161905
1 0.728214 0.429524 0.075000 0.158095
1 0.702857 0.250000 0.061429 0.117143
1 0.777143 0.263333 0.077143 0.176190
1 0.744286 0.112857 0.050000 0.111429
1 0.679286 0.116667 0.054286 0.109524
0 0.652500 0.128571 0.022143 0.047619
0 0.796429 0.148095 0.021429 0.048571
1 0.890714 0.040000 0.117143 0.062857
1 0.912857 0.088571 0.107143 0.072381
1 0.924643 0.149524 0.113571 0.068571
1 0.941429 0.220476 0.117143 0.071429
1 0.956786 0.356667 0.086429 0.084762
1 0.971786 0.431905 0.056429 0.073333
1 0.982143 0.518571 0.035714 0.075238
1 0.910000 0.924286 0.111429 0.151429
0 0.676071 0.464286 0.019286 0.046667