1 0.520000 0.824239 0.024286 0.054569
1 0.728929 0.616117 0.029286 0.062183
1 0.675357 0.559010 0.026429 0.054569
1 0.647857 0.455584 0.021429 0.038071
1 0.592500 0.236041 0.009286 0.022843
1 0.470357 0.443528 0.017857 0.024112
1 0.603929 0.196066 0.010714 0.016497
1 0.676071 0.131980 0.010714 0.010152
1 0.780714 0.092640 0.010000 0.010152
1 0.848214 0.217005 0.013571 0.015228
1 0.864643 0.156726 0.007857 0.011421
1 0.875000 0.153553 0.007143 0.010152
1 0.872857 0.097716 0.008571 0.010152
1 0.892500 0.085660 0.007857 0.008883
1 0.873571 0.066624 0.008571 0.011421
1 0.888571 0.063452 0.007143 0.010152
1 0.971071 0.231599 0.020714 0.019036