1 0.140714 0.788706 0.031429 0.026650
1 0.250000 0.781091 0.032857 0.024112
1 0.331071 0.788706 0.033571 0.026650
1 0.414643 0.840102 0.030714 0.022843
1 0.425357 0.807741 0.032143 0.026650
1 0.588214 0.909898 0.033571 0.027919
1 0.627500 0.914975 0.032143 0.027919
1 0.723571 0.926396 0.030000 0.027919
1 0.766786 0.928934 0.032143 0.027919
1 0.806786 0.931472 0.036429 0.032995
1 0.853571 0.940355 0.035714 0.032995
1 0.896786 0.951777 0.036429 0.035533
1 0.871786 0.889594 0.033571 0.027919
1 0.759643 0.833756 0.033571 0.025381
1 0.660000 0.862310 0.037143 0.026650
1 0.653571 0.823604 0.034286 0.025381
1 0.513929 0.521574 0.015000 0.050761
1 0.514286 0.406726 0.014286 0.049492
1 0.518214 0.195431 0.013571 0.045685
1 0.522143 0.018401 0.012857 0.036802