1 0.932250 0.502333 0.103500 0.103333
1 0.814250 0.481333 0.089500 0.098667
1 0.702750 0.563333 0.158500 0.092000
1 0.411500 0.564333 0.127000 0.091333
1 0.244750 0.548667 0.142500 0.074667
1 0.110250 0.538333 0.131500 0.094000
1 0.077000 0.432667 0.079000 0.082667
1 0.033750 0.424667 0.064500 0.093333
1 0.147000 0.435667 0.089000 0.074000
1 0.460500 0.428667 0.043000 0.090667
1 0.511750 0.428000 0.048500 0.100000
1 0.567750 0.428667 0.057500 0.076000
1 0.631750 0.430333 0.052500 0.111333
1 0.681000 0.426333 0.059000 0.103333
0 0.768750 0.253000 0.014500 0.034000
0 0.804500 0.319000 0.013000 0.032667
0 0.813500 0.354000 0.018000 0.045333
0 0.827750 0.375000 0.020500 0.023333
0 0.824250 0.369000 0.018500 0.023333
0 0.847750 0.367667 0.019500 0.026000
0 0.691000 0.371000 0.017000 0.042000
0 0.630500 0.374333 0.013000 0.042000
1 0.334000 0.348333 0.053000 0.058000
1 0.279750 0.340667 0.049500 0.064000
1 0.185750 0.334333 0.086500 0.076667
0 0.125750 0.322000 0.019500 0.045333
0 0.046500 0.319667 0.018000 0.039333
1 0.065500 0.176667 0.042000 0.025333
1 0.105500 0.195000 0.045000 0.031333
1 0.125500 0.184333 0.053000 0.035333
1 0.144250 0.150000 0.034500 0.020000
1 0.160500 0.142667 0.034000 0.024000
1 0.174500 0.141333 0.027000 0.021333
1 0.189000 0.138333 0.029000 0.019333
1 0.217000 0.138333 0.026000 0.018000
1 0.221000 0.152333 0.024000 0.023333
1 0.258250 0.148333 0.036500 0.028667
1 0.268500 0.142333 0.028000 0.019333
1 0.221500 0.124000 0.038000 0.026667
1 0.240000 0.120667 0.026000 0.022667
1 0.254750 0.119000 0.027500 0.018000
1 0.261750 0.114667 0.024500 0.017333
1 0.274000 0.112333 0.025000 0.015333
1 0.289250 0.108667 0.027500 0.016000
1 0.296750 0.105333 0.024500 0.016000
1 0.295750 0.101000 0.023500 0.014000
1 0.306250 0.099667 0.024500 0.019333
0 0.308000 0.113333 0.005000 0.016000
1 0.295500 0.134333 0.030000 0.023333
1 0.333750 0.112333 0.021500 0.014000
1 0.348500 0.111667 0.021000 0.016667
1 0.418500 0.065667 0.016000 0.011333
1 0.440750 0.057667 0.010500 0.014000
0 0.463500 0.059333 0.003000 0.008000
1 0.472750 0.065000 0.013500 0.012667
1 0.411000 0.066333 0.009000 0.011333
1 0.402750 0.071000 0.016500 0.012667
0 0.383000 0.084333 0.003000 0.008667
0 0.380250 0.085000 0.003500 0.010000
0 0.390000 0.082667 0.004000 0.010667