1 0.107500 0.079949 0.022143 0.038071
0 0.148214 0.232868 0.005000 0.013959
0 0.136786 0.280457 0.006429 0.010152
0 0.131429 0.293147 0.005714 0.010152
0 0.133571 0.281091 0.005714 0.011421
0 0.150000 0.215736 0.005714 0.010152
0 0.159643 0.182741 0.005000 0.012690
0 0.201429 0.043147 0.004286 0.015228
0 0.201071 0.039975 0.006429 0.016497
0 0.201429 0.035533 0.005714 0.012690
0 0.197143 0.053299 0.007143 0.012690
1 0.210714 0.475888 0.020000 0.053299
1 0.338571 0.491751 0.015714 0.054569
1 0.317500 0.051396 0.016429 0.039340
1 0.361429 0.206853 0.014286 0.045685
1 0.389286 0.234137 0.012857 0.052030
1 0.402143 0.916878 0.041429 0.044416
1 0.251786 0.790609 0.016429 0.058376
1 0.307143 0.856599 0.044286 0.045685
1 0.540000 0.747462 0.040000 0.038071
1 0.686786 0.685914 0.039286 0.036802
1 0.568214 0.840102 0.040714 0.045685
1 0.827857 0.707487 0.041429 0.041878
1 0.824286 0.622462 0.037143 0.034264
1 0.908571 0.563452 0.037143 0.050761
1 0.951429 0.421954 0.020000 0.052030
1 0.923571 0.277284 0.022857 0.049492
1 0.910000 0.204315 0.025714 0.048223
1 0.716429 0.098985 0.017143 0.040609
1 0.516786 0.501904 0.017857 0.054569
1 0.541786 0.628807 0.017857 0.054569
1 0.479286 0.459391 0.017143 0.053299
0 0.435357 0.251269 0.005000 0.020305
0 0.621071 0.081218 0.003571 0.017766
0 0.650714 0.285533 0.002857 0.012690
0 0.650000 0.276015 0.002857 0.008883
0 0.651786 0.270939 0.002143 0.013959
0 0.652143 0.424492 0.005714 0.016497