1 0.283214 0.470952 0.055000 0.138095
1 0.300714 0.321429 0.048571 0.122857
1 0.156786 0.351429 0.060714 0.129524
1 0.086071 0.446667 0.110714 0.068571
1 0.090714 0.513810 0.120000 0.069524
0 0.110000 0.285714 0.015714 0.026667
1 0.696786 0.527619 0.049286 0.135238
1 0.607143 0.647143 0.055714 0.166667
1 0.551429 0.470000 0.047143 0.128571
0 0.755714 0.494762 0.021429 0.025714
0 0.752143 0.486667 0.012857 0.020952
1 0.593571 0.365714 0.038571 0.097143
1 0.255000 0.840476 0.065714 0.172381
0 0.121786 0.684286 0.029286 0.023810
0 0.123214 0.726190 0.032143 0.029524
1 0.149643 0.903810 0.080714 0.192381
1 0.242500 0.033333 0.043571 0.066667