0 0.212143 0.029822 0.008571 0.024112
1 0.271071 0.299492 0.027857 0.071066
1 0.221429 0.341371 0.032857 0.073604
1 0.342857 0.670685 0.037143 0.074873
1 0.408929 0.682107 0.035000 0.082487
1 0.185714 0.231599 0.027143 0.057107
1 0.156071 0.420051 0.035000 0.073604
1 0.272143 0.480964 0.035714 0.078680
1 0.351071 0.414975 0.027857 0.076142
1 0.368214 0.553299 0.030714 0.078680
1 0.302500 0.792513 0.035000 0.085025
1 0.464286 0.835025 0.035714 0.091371
1 0.413214 0.841371 0.036429 0.083756
1 0.462500 0.976523 0.030714 0.044416
1 0.220000 0.880711 0.040000 0.083756
1 0.405000 0.105330 0.024286 0.063452
1 0.427143 0.099619 0.024286 0.057107
1 0.455000 0.099619 0.024286 0.054569
1 0.431429 0.272843 0.041429 0.050761
1 0.438571 0.317893 0.044286 0.052030
1 0.453214 0.368020 0.047857 0.058376
1 0.466786 0.420051 0.040714 0.053299
1 0.475714 0.469543 0.045714 0.053299
1 0.490357 0.522843 0.047857 0.058376
1 0.524643 0.731599 0.045000 0.062183
1 0.537143 0.771574 0.045714 0.060914
1 0.571071 0.909264 0.039286 0.049492
1 0.593571 0.949873 0.051429 0.069797
1 0.552857 0.814086 0.048571 0.069797
1 0.780000 0.495558 0.032857 0.079949
0 0.833571 0.008249 0.010000 0.016497