1 0.497143 0.963333 0.022857 0.073333
1 0.530357 0.854762 0.022143 0.065714
1 0.497143 0.737619 0.020000 0.065714
1 0.433571 0.919524 0.027143 0.071429
1 0.347500 0.890952 0.047857 0.031429
1 0.352857 0.846667 0.045714 0.026667
1 0.359286 0.762381 0.047143 0.029524
1 0.344643 0.730000 0.050714 0.029524
1 0.342143 0.694286 0.045714 0.026667
1 0.346786 0.627143 0.049286 0.031429
0 0.547500 0.627143 0.005000 0.014286
1 0.502857 0.504762 0.020000 0.055238
0 0.554643 0.457619 0.006429 0.012381
1 0.532143 0.370000 0.018571 0.050476
1 0.566786 0.264762 0.022143 0.045714
0 0.505000 0.143810 0.005714 0.013333
1 0.398214 0.449524 0.019286 0.053333
1 0.401786 0.395714 0.020714 0.050476
1 0.663571 0.903333 0.054286 0.040952
0 0.761786 0.764286 0.009286 0.014286
1 0.659643 0.691429 0.039286 0.026667
1 0.646071 0.473333 0.037857 0.024762
1 0.730714 0.453333 0.031429 0.026667
1 0.647500 0.450000 0.042143 0.023810
1 0.647143 0.423333 0.042857 0.025714
1 0.646786 0.397619 0.042143 0.027619
1 0.646071 0.365238 0.042143 0.025714
1 0.646429 0.340000 0.042857 0.024762
1 0.647143 0.313333 0.040000 0.026667
1 0.722857 0.250952 0.038571 0.025714
1 0.642143 0.260952 0.038571 0.028571
1 0.604286 0.275238 0.040000 0.030476
1 0.640714 0.230952 0.038571 0.029524
0 0.665714 0.205714 0.005714 0.013333
0 0.686786 0.205238 0.005000 0.012381
0 0.718929 0.045238 0.005000 0.014286
1 0.647857 0.068095 0.037143 0.027619
1 0.648214 0.046667 0.036429 0.020952
1 0.646786 0.026190 0.035000 0.021905
1 0.648929 0.009048 0.033571 0.018095