0 0.088214 0.310279 0.010714 0.026650
0 0.073214 0.348985 0.012143 0.027919
0 0.046429 0.565990 0.014286 0.027919
0 0.035000 0.693528 0.012857 0.026650
0 0.005714 0.805838 0.011429 0.027919
0 0.006786 0.969543 0.013571 0.027919
1 0.693571 0.590102 0.047143 0.043147
1 0.689286 0.546954 0.051429 0.043147
1 0.687500 0.502538 0.055000 0.043147
1 0.677500 0.425127 0.049286 0.040609
1 0.667143 0.388325 0.031429 0.043147
1 0.672143 0.319162 0.044286 0.041878
1 0.667857 0.289340 0.042857 0.038071
1 0.665714 0.258883 0.041429 0.035533
1 0.680714 0.122462 0.037143 0.054569
1 0.685000 0.053934 0.031429 0.046954
1 0.686071 0.020939 0.033571 0.041878
1 0.681786 0.086294 0.032143 0.048223
1 0.397500 0.067893 0.017857 0.052030
1 0.480714 0.236041 0.020000 0.058376
1 0.467143 0.538071 0.020000 0.068528
1 0.570000 0.577411 0.022857 0.093909
1 0.610714 0.624365 0.021429 0.086294
1 0.594643 0.444797 0.022143 0.072335
1 0.552857 0.366117 0.021429 0.072335
1 0.589286 0.088832 0.018571 0.068528
1 0.574286 0.153553 0.015714 0.071066
1 0.526786 0.173223 0.019286 0.054569
1 0.545000 0.079315 0.018571 0.054569
1 0.592143 0.011421 0.012857 0.022843