1 0.531429 0.941429 0.038571 0.088571
1 0.744643 0.753810 0.033571 0.052381
1 0.554286 0.557143 0.014286 0.028571
1 0.593214 0.967143 0.042143 0.065714
1 0.563571 0.624762 0.020000 0.026667
1 0.580714 0.555238 0.017143 0.022857
1 0.586429 0.491429 0.011429 0.017143
1 0.584286 0.442857 0.008571 0.011429
1 0.595714 0.402381 0.007143 0.006667
1 0.597500 0.410476 0.006429 0.007619
1 0.595357 0.392381 0.009286 0.007619
1 0.586786 0.384286 0.003571 0.004762
1 0.597500 0.351429 0.005000 0.007619
0 0.488214 0.684286 0.005000 0.012381
1 0.571786 0.581905 0.017857 0.028571
1 0.591786 0.471429 0.010714 0.013333
0 0.583929 0.425714 0.002143 0.009524
0 0.580714 0.425714 0.001429 0.009524
0 0.590000 0.374762 0.004286 0.006667
0 0.579643 0.408095 0.002143 0.004762
0 0.586071 0.415714 0.002143 0.002857
0 0.576071 0.422381 0.002143 0.004762
0 0.677143 0.447619 0.002857 0.005714
1 0.647857 0.391429 0.005714 0.005714
1 0.635000 0.376667 0.005714 0.006667
1 0.624286 0.351905 0.004286 0.004762
1 0.621786 0.338571 0.003571 0.004762
1 0.630714 0.348571 0.002857 0.003810