0 0.233500 0.717000 0.017000 0.050000
1 0.867500 0.792000 0.131000 0.084000
1 0.927000 0.867667 0.138000 0.094000
1 0.972250 0.760667 0.055500 0.094667
1 0.347000 0.463000 0.030000 0.047333
1 0.344000 0.394667 0.027000 0.036000
1 0.387000 0.333333 0.016000 0.029333
1 0.395250 0.226333 0.013500 0.016667
1 0.387750 0.208333 0.012500 0.016667
1 0.378000 0.191000 0.010000 0.010000
0 0.416500 0.192667 0.003000 0.013333
0 0.418500 0.191667 0.003000 0.012667
1 0.337750 0.188000 0.009500 0.012000
1 0.339750 0.175333 0.009500 0.010667
1 0.343000 0.171333 0.008000 0.012000
1 0.339250 0.167667 0.007500 0.008667
1 0.316250 0.075000 0.004500 0.003333
1 0.823000 0.422000 0.056000 0.029333
1 0.798250 0.409333 0.056500 0.028000
1 0.816000 0.347000 0.006000 0.024667
1 0.760000 0.300667 0.034000 0.020000
1 0.734750 0.275667 0.034500 0.019333
0 0.770250 0.268333 0.003500 0.014000
0 0.752250 0.256667 0.004500 0.012000
1 0.676750 0.259667 0.018500 0.023333
1 0.605000 0.226333 0.017000 0.016667
1 0.592500 0.212000 0.012000 0.017333
1 0.654500 0.304333 0.036000 0.019333
1 0.647750 0.294000 0.038500 0.021333
1 0.636500 0.289667 0.034000 0.019333
1 0.623750 0.286333 0.033500 0.020667
1 0.616500 0.283333 0.034000 0.021333
1 0.607250 0.266333 0.031500 0.022000
1 0.596500 0.261000 0.028000 0.018000
1 0.593500 0.256333 0.031000 0.019333
1 0.590500 0.251667 0.031000 0.016667
1 0.540000 0.214000 0.026000 0.016000
1 0.580750 0.191000 0.020500 0.014000
1 0.560250 0.184000 0.021500 0.010667
1 0.491750 0.150667 0.012500 0.008000
1 0.493250 0.152333 0.012500 0.006000
1 0.496250 0.149333 0.013500 0.008000
1 0.480500 0.144000 0.008000 0.008000
1 0.463500 0.131667 0.010000 0.007333
1 0.457250 0.134333 0.013500 0.006000
1 0.440250 0.187333 0.017500 0.009333