1 0.204286 0.510476 0.044286 0.038095
1 0.835000 0.677619 0.027143 0.061905
1 0.910714 0.772381 0.027143 0.068571
1 0.939643 0.753810 0.030714 0.077143
1 0.950714 0.625238 0.025714 0.056190
1 0.971071 0.731429 0.029286 0.066667
1 0.991429 0.599048 0.017143 0.053333
1 0.990357 0.715714 0.019286 0.065714
1 0.573214 0.922857 0.042143 0.087619
1 0.445357 0.505714 0.023571 0.047619
1 0.411429 0.404286 0.018571 0.037143
1 0.481786 0.381905 0.023571 0.032381
1 0.453571 0.319524 0.020000 0.029524
1 0.466429 0.350952 0.022857 0.031429
1 0.384643 0.149524 0.013571 0.019048
1 0.395714 0.342857 0.018571 0.028571
1 0.405714 0.370476 0.020000 0.036190
1 0.477500 0.611429 0.025000 0.053333
1 0.459286 0.554286 0.022857 0.055238
1 0.383571 0.307619 0.018571 0.034286
1 0.373571 0.273333 0.021429 0.034286
1 0.335000 0.153333 0.011429 0.019048
0 0.615357 0.678571 0.007857 0.020000
0 0.598214 0.610000 0.005000 0.018095
0 0.608571 0.614762 0.007143 0.018095
0 0.575000 0.554762 0.004286 0.014286
0 0.577857 0.555714 0.004286 0.008571
0 0.537500 0.445714 0.003571 0.017143
0 0.135357 0.521905 0.010714 0.019048
0 0.369643 0.111905 0.005000 0.014286
0 0.452500 0.355238 0.005000 0.017143
0 0.600000 0.759048 0.007143 0.015238
0 0.570000 0.707619 0.005714 0.015238
0 0.493214 0.557619 0.006429 0.012381
0 0.544643 0.596190 0.005000 0.013333
0 0.494643 0.479048 0.005000 0.015238
0 0.507857 0.462381 0.005714 0.012381
0 0.530357 0.434762 0.005000 0.016190
0 0.558929 0.407143 0.006429 0.012381