1 0.310021 0.897495 0.069937 0.071429
0 0.374217 0.717996 0.010438 0.027829
1 0.428758 0.546846 0.022443 0.047310
0 0.426931 0.589518 0.006263 0.032468
1 0.504697 0.436920 0.035491 0.040816
1 0.507307 0.419759 0.021921 0.028757
0 0.473643 0.378479 0.004697 0.014842
1 0.372129 0.363636 0.030271 0.029685
1 0.493737 0.332096 0.029228 0.025974
1 0.497390 0.307514 0.021921 0.025046
1 0.493215 0.294527 0.026096 0.025046
1 0.496347 0.285714 0.025052 0.025974
1 0.385960 0.312152 0.024530 0.021336
1 0.390397 0.304731 0.028184 0.023191
0 0.465814 0.251391 0.003653 0.009276
1 0.484864 0.164193 0.008351 0.012987
1 0.443894 0.121521 0.006785 0.011132
0 0.450418 0.190167 0.002088 0.007421
0 0.419885 0.204082 0.003653 0.007421
0 0.401357 0.199907 0.002088 0.010204
0 0.402662 0.198980 0.002610 0.012059
0 0.418580 0.123840 0.002088 0.008349
0 0.418580 0.121985 0.002088 0.008349
1 0.423539 0.110853 0.014092 0.010204
1 0.444676 0.110853 0.012526 0.008349
1 0.440762 0.106215 0.012004 0.010204
0 0.452244 0.109462 0.003653 0.011132
0 0.447808 0.100649 0.003132 0.008349
0 0.451983 0.099258 0.002088 0.007421
1 0.479645 0.104824 0.010438 0.011132
1 0.478862 0.096475 0.008873 0.011132
1 0.478079 0.089518 0.010438 0.010204
0 0.458768 0.077922 0.003132 0.005566
1 0.445981 0.042208 0.008873 0.006494
0 0.462944 0.053803 0.001044 0.003711
0 0.456420 0.038497 0.001566 0.002783
1 0.469468 0.034787 0.007829 0.008349
1 0.466597 0.025510 0.007307 0.006494
1 0.938152 0.957792 0.067328 0.082560