1 0.436587 0.795918 0.042276 0.090909
1 0.478079 0.591373 0.045929 0.039889
1 0.450418 0.549629 0.042797 0.034323
1 0.433194 0.503247 0.039666 0.036178
1 0.447025 0.448980 0.033925 0.031540
1 0.506002 0.502319 0.034969 0.038033
0 0.456681 0.483302 0.007307 0.025974
0 0.445720 0.478664 0.007307 0.022263
0 0.360386 0.685529 0.007829 0.031540
0 0.561326 0.592301 0.009916 0.025046
0 0.528967 0.354824 0.006785 0.019481
0 0.584029 0.298237 0.005219 0.019481
0 0.598382 0.203618 0.004697 0.012059
0 0.602296 0.164657 0.004175 0.013915
0 0.482516 0.348794 0.006785 0.022263
1 0.491649 0.335807 0.026096 0.027829
1 0.518789 0.318646 0.031315 0.028757
1 0.522704 0.350186 0.033925 0.028757
0 0.595511 0.269017 0.005219 0.022263
0 0.599948 0.266234 0.005741 0.018553
1 0.604384 0.319573 0.015658 0.036178
0 0.628132 0.332560 0.007829 0.013915
0 0.611430 0.108534 0.004697 0.009276
1 0.639092 0.081633 0.008873 0.020408
1 0.662839 0.175325 0.011482 0.024119
1 0.654228 0.084879 0.009916 0.015770
1 0.651096 0.070037 0.008873 0.015770
0 0.651357 0.060761 0.002088 0.006494
0 0.598904 0.009740 0.002610 0.012059
1 0.639614 0.016234 0.010960 0.012059
1 0.654749 0.012987 0.006785 0.011132
0 0.603601 0.006030 0.002610 0.006494
0 0.672495 0.021800 0.002610 0.008349
1 0.713205 0.014842 0.016180 0.011132
1 0.710856 0.008349 0.014614 0.009276
1 0.736169 0.061688 0.008873 0.017625
1 0.757307 0.069109 0.018789 0.012059
1 0.761221 0.072356 0.016180 0.012987
1 0.762265 0.084416 0.018267 0.016698
1 0.769572 0.105288 0.021399 0.017625
1 0.798017 0.111317 0.020877 0.012987
1 0.780010 0.145176 0.023486 0.015770
1 0.790188 0.164657 0.022965 0.017625
0 0.743476 0.120594 0.003653 0.012987
0 0.780532 0.129870 0.003653 0.007421
0 0.784447 0.128942 0.004175 0.011132