1 0.201786 0.500000 0.047857 0.038071
1 0.283571 0.975888 0.025714 0.045685
1 0.344643 0.976523 0.023571 0.044416
1 0.371786 0.954949 0.029286 0.087563
1 0.428571 0.920051 0.031429 0.098985
1 0.455357 0.906091 0.030714 0.086294
1 0.483214 0.890863 0.030714 0.081218
0 0.775714 0.065355 0.007143 0.019036
0 0.826786 0.059010 0.012143 0.021574
1 0.818214 0.222081 0.035000 0.035533
1 0.786786 0.678934 0.043571 0.058376
1 0.746071 0.708122 0.046429 0.040609
1 0.952143 0.747462 0.041429 0.048223
1 0.834286 0.842640 0.044286 0.058376
1 0.697500 0.946066 0.046429 0.059645
1 0.727143 0.860406 0.047143 0.055838
1 0.619286 0.941624 0.048571 0.055838