1 0.494286 0.789975 0.020000 0.062183
1 0.489286 0.882614 0.018571 0.072335
1 0.529643 0.676396 0.016429 0.053299
1 0.553929 0.644670 0.016429 0.050761
1 0.552143 0.539975 0.012857 0.036802
1 0.530357 0.470178 0.012143 0.031726
1 0.532500 0.321701 0.009286 0.024112
1 0.480000 0.290609 0.008571 0.022843
1 0.536071 0.248096 0.007857 0.016497
1 0.533929 0.221447 0.006429 0.016497
1 0.536429 0.191624 0.007143 0.015228
1 0.529643 0.107868 0.005000 0.010152
1 0.538571 0.104061 0.005714 0.012690
1 0.511071 0.118020 0.005000 0.010152
1 0.512143 0.104061 0.004286 0.010152
1 0.503214 0.101523 0.005000 0.010152
1 0.506786 0.092640 0.005000 0.010152
1 0.509643 0.075508 0.003571 0.008883
1 0.530000 0.091371 0.005714 0.012690
1 0.537500 0.046320 0.003571 0.008883
1 0.537857 0.053299 0.004286 0.007614
1 0.519643 0.051396 0.003571 0.008883
1 0.516429 0.038071 0.004286 0.007614
1 0.531071 0.032995 0.003571 0.007614
1 0.527500 0.926396 0.022143 0.086294
1 0.560714 0.850888 0.021429 0.085025
1 0.480000 0.970178 0.025714 0.057107
1 0.480714 0.437183 0.012857 0.029188
1 0.448929 0.430838 0.013571 0.026650
1 0.530714 0.532995 0.014286 0.048223
1 0.531071 0.170051 0.006429 0.015228
1 0.518929 0.168147 0.010714 0.013959
1 0.521071 0.156091 0.006429 0.012690
1 0.501071 0.187183 0.006429 0.016497
1 0.495357 0.112944 0.006429 0.012690
1 0.515357 0.083756 0.005000 0.010152
1 0.531071 0.064721 0.003571 0.010152
1 0.530714 0.048858 0.004286 0.011421
1 0.538929 0.076142 0.005000 0.010152
1 0.516786 0.064086 0.003571 0.011421
1 0.511786 0.057107 0.003571 0.010152
1 0.525000 0.009518 0.005714 0.011421
1 0.524643 0.016497 0.005000 0.012690
1 0.491071 0.352157 0.007857 0.019036
1 0.511429 0.422589 0.011429 0.038071
0 0.843214 0.965736 0.009286 0.038071
0 0.798929 0.986675 0.012143 0.024112