1 0.368929 0.044416 0.006429 0.020305
1 0.381786 0.086929 0.005000 0.019036
1 0.369643 0.180203 0.006429 0.020305
1 0.368571 0.340102 0.007143 0.027919
1 0.485714 0.227157 0.007143 0.020305
1 0.476071 0.387690 0.007857 0.024112
1 0.480714 0.497462 0.007143 0.027919
1 0.498214 0.234772 0.006429 0.020305
1 0.516429 0.199873 0.005714 0.019036
1 0.528929 0.105964 0.005000 0.019036
1 0.419643 0.966371 0.010714 0.052030
1 0.407143 0.930838 0.008571 0.041878
1 0.429286 0.812817 0.005714 0.036802
1 0.450714 0.796954 0.007143 0.035533
1 0.459286 0.702411 0.007143 0.031726
1 0.446429 0.635152 0.008571 0.026650
1 0.465000 0.645305 0.010000 0.036802
1 0.437500 0.595812 0.007857 0.026650
1 0.471429 0.570431 0.010000 0.026650
1 0.550714 0.522208 0.010000 0.034264
0 0.465357 0.460660 0.002143 0.010152