1 0.694643 0.657619 0.047857 0.115238
1 0.783929 0.458571 0.045000 0.086667
1 0.823214 0.589524 0.052143 0.108571
1 0.630000 0.354762 0.028571 0.086667
1 0.253571 0.201905 0.037143 0.076190
1 0.210714 0.419524 0.047143 0.103810
1 0.250357 0.768095 0.050714 0.132381
1 0.875000 0.451429 0.044286 0.072381
1 0.829286 0.319524 0.042857 0.084762
1 0.697500 0.085238 0.029286 0.060000
1 0.757857 0.340476 0.048571 0.090476
1 0.590357 0.187619 0.030714 0.074286
1 0.605714 0.016667 0.025714 0.033333
1 0.903929 0.555238 0.076429 0.093333
1 0.895357 0.947143 0.067857 0.103810
0 0.903929 0.451429 0.013571 0.026667
1 0.191429 0.560000 0.047143 0.110476
1 0.171429 0.685714 0.061429 0.123810
1 0.168571 0.144762 0.064286 0.043810
1 0.174286 0.110000 0.061429 0.039048
1 0.190000 0.078571 0.070000 0.042857
1 0.113571 0.278095 0.074286 0.043810
1 0.034286 0.458095 0.068571 0.047619
1 0.158929 0.172857 0.066429 0.039048
1 0.286786 0.035238 0.033571 0.070476
1 0.201071 0.031429 0.062143 0.043810
0 0.216429 0.230476 0.015714 0.036190
0 0.202857 0.223333 0.015714 0.035238
0 0.193929 0.306667 0.015000 0.030476
0 0.134643 0.389048 0.015000 0.033333
0 0.158214 0.264762 0.016429 0.032381
0 0.152857 0.228571 0.017143 0.026667
0 0.116429 0.207143 0.021429 0.029524
0 0.222857 0.187619 0.015714 0.032381
0 0.097857 0.208095 0.012857 0.018095
0 0.200000 0.867619 0.014286 0.017143
0 0.127857 0.925238 0.030000 0.023810
0 0.170714 0.909524 0.021429 0.020952
0 0.217143 0.916190 0.021429 0.026667
0 0.201786 0.972857 0.015000 0.021905
0 0.198929 0.953810 0.027857 0.021905
0 0.878214 0.234286 0.015000 0.026667
1 0.783929 0.160476 0.033571 0.054286
0 0.895357 0.401905 0.012143 0.019048
0 0.970000 0.974286 0.028571 0.032381
1 0.981071 0.532381 0.037857 0.099048
1 0.981071 0.435238 0.037857 0.049524
1 0.972857 0.395714 0.054286 0.046667
1 0.963929 0.352857 0.072143 0.039048
1 0.950357 0.313333 0.080714 0.043810
1 0.910000 0.199048 0.062857 0.040000
1 0.927857 0.230000 0.062857 0.040952
1 0.938929 0.266190 0.077857 0.039048
1 0.901786 0.162381 0.072143 0.044762
1 0.891071 0.133333 0.065000 0.036190
1 0.871071 0.105238 0.059286 0.040952
1 0.866071 0.080952 0.066429 0.036190
1 0.862500 0.053810 0.060714 0.031429
1 0.852857 0.027619 0.057143 0.038095
1 0.839643 0.012381 0.060714 0.024762