1 0.466071 0.986041 0.012143 0.025381
1 0.465714 0.913071 0.012857 0.044416
1 0.448214 0.874365 0.012143 0.038071
1 0.464643 0.854061 0.012143 0.043147
1 0.448214 0.806472 0.013571 0.046954
1 0.462857 0.791878 0.012857 0.043147
1 0.512143 0.758249 0.014286 0.044416
1 0.447500 0.730330 0.012143 0.036802
1 0.463214 0.725888 0.012143 0.040609
1 0.461429 0.673223 0.011429 0.034264
1 0.446786 0.682741 0.012143 0.038071
1 0.447143 0.640863 0.010000 0.030457
1 0.461429 0.612310 0.011429 0.034264
1 0.447143 0.597081 0.011429 0.031726
1 0.432857 0.578680 0.011429 0.030457
1 0.409286 0.536168 0.014286 0.024112
1 0.426071 0.520305 0.013571 0.027919
1 0.446429 0.555203 0.010000 0.031726
1 0.474643 0.572970 0.010714 0.031726
1 0.502143 0.605330 0.011429 0.032995
1 0.522500 0.552665 0.010714 0.029188
1 0.508929 0.487944 0.015000 0.029188
1 0.564643 0.475888 0.019286 0.017766
1 0.590000 0.472081 0.021429 0.017766
1 0.560000 0.404822 0.018571 0.015228
1 0.489286 0.405457 0.017143 0.019036
1 0.446429 0.431472 0.020000 0.017766
1 0.448214 0.403553 0.019286 0.015228
1 0.366786 0.501904 0.022143 0.019036
1 0.398929 0.444162 0.019286 0.017766
1 0.409286 0.429569 0.020000 0.016497