1 0.190000 0.210660 0.011429 0.010152
1 0.164286 0.226523 0.011429 0.008883
1 0.177500 0.219543 0.010714 0.010152
1 0.161071 0.276650 0.007857 0.017766
1 0.164643 0.289340 0.006429 0.015228
1 0.178571 0.333756 0.010000 0.020305
1 0.294643 0.319797 0.013571 0.012690
1 0.186429 0.352157 0.015714 0.013959
1 0.133929 0.369924 0.009286 0.016497
1 0.140714 0.368020 0.011429 0.020305
1 0.155000 0.377538 0.011429 0.019036
1 0.202857 0.357234 0.012857 0.011421
1 0.261429 0.342005 0.007143 0.013959
1 0.260000 0.360406 0.007143 0.012690
1 0.281071 0.362310 0.007857 0.016497
1 0.278929 0.344543 0.007857 0.013959
1 0.287857 0.345178 0.010000 0.017766
1 0.294643 0.347081 0.009286 0.019036
1 0.300714 0.350888 0.010000 0.016497
1 0.272143 0.358503 0.010000 0.021574
1 0.097857 0.303934 0.015714 0.013959
1 0.064286 0.448604 0.015714 0.016497
1 0.162143 0.762690 0.010000 0.030457
1 0.168214 0.869924 0.009286 0.034264
1 0.601071 0.984772 0.013571 0.027919
0 0.815714 0.863579 0.004286 0.008883
1 0.531071 0.583756 0.013571 0.027919
1 0.550714 0.513959 0.017143 0.017766
0 0.446786 0.520939 0.002143 0.008883
1 0.494643 0.168782 0.009286 0.010152
1 0.526429 0.212563 0.007143 0.016497
1 0.528571 0.220812 0.011429 0.010152
1 0.553571 0.276015 0.011429 0.011421
1 0.531071 0.225254 0.010714 0.008883
1 0.532857 0.229695 0.011429 0.010152
1 0.534286 0.233503 0.011429 0.010152
1 0.536071 0.239213 0.012143 0.011421
1 0.538214 0.243020 0.012143 0.011421
1 0.542143 0.251269 0.011429 0.012690
1 0.543929 0.257614 0.010714 0.010152
1 0.547143 0.261421 0.012857 0.012690
1 0.551071 0.272208 0.012143 0.011421
1 0.501071 0.214467 0.009286 0.017766
1 0.552500 0.342640 0.016429 0.017766
1 0.207857 0.036168 0.008571 0.008883