1 0.207857 0.812183 0.035714 0.076142
1 0.266429 0.898477 0.040000 0.091371
1 0.377857 0.968909 0.040000 0.059645
1 0.247857 0.543147 0.022857 0.050761
1 0.282500 0.587563 0.023571 0.050761
1 0.346429 0.500000 0.021429 0.050761
1 0.331429 0.346447 0.018571 0.032995
1 0.385357 0.300761 0.016429 0.025381
1 0.358214 0.288706 0.013571 0.024112
1 0.398571 0.226523 0.014286 0.021574
1 0.412143 0.241751 0.014286 0.026650
1 0.428571 0.194797 0.011429 0.013959
1 0.463929 0.183376 0.010714 0.019036
1 0.505000 0.182107 0.010000 0.016497
1 0.522500 0.143401 0.009286 0.012690
1 0.485000 0.145305 0.011429 0.016497
1 0.505000 0.141497 0.012857 0.013959
1 0.544643 0.121193 0.010714 0.013959
1 0.589643 0.111675 0.009286 0.010152
1 0.582857 0.108503 0.007143 0.011421
1 0.599643 0.100888 0.007857 0.008883
1 0.608929 0.095812 0.007857 0.008883
1 0.384643 0.416244 0.019286 0.045685
1 0.705714 0.425761 0.021429 0.026650
1 0.688929 0.392766 0.023571 0.024112
1 0.655000 0.402919 0.021429 0.026650
1 0.630357 0.426396 0.023571 0.022843
1 0.658929 0.195431 0.007857 0.015228
1 0.735000 0.148477 0.008571 0.010152