1 0.068000 0.599333 0.088000 0.077333
1 0.312250 0.554667 0.078500 0.066667
1 0.219500 0.882000 0.081000 0.166667
1 0.740750 0.913667 0.162500 0.140667
1 0.789000 0.744333 0.123000 0.087333
1 0.588250 0.561667 0.085500 0.075333
1 0.693250 0.531667 0.043500 0.062000
0 0.724250 0.615333 0.016500 0.038667
0 0.657750 0.554333 0.012500 0.042000
1 0.766250 0.481667 0.038500 0.066000
1 0.745750 0.529667 0.037500 0.074000
0 0.700250 0.432000 0.010500 0.029333
1 0.625000 0.327333 0.033000 0.030667
1 0.974000 0.345333 0.028000 0.025333
1 0.964500 0.312667 0.022000 0.020000
1 0.890750 0.299000 0.021500 0.022000
1 0.815000 0.340667 0.022000 0.030667
1 0.737000 0.331333 0.022000 0.030667
1 0.745750 0.314667 0.021500 0.026667
1 0.821750 0.304667 0.021500 0.026667
1 0.792000 0.272667 0.020000 0.022667
1 0.785250 0.213667 0.012500 0.015333
1 0.786000 0.207000 0.012000 0.014000
1 0.861000 0.282333 0.037000 0.020667
1 0.855000 0.272667 0.033000 0.018667
1 0.861000 0.265333 0.036000 0.021333
1 0.832500 0.247667 0.017000 0.019333
1 0.832250 0.239333 0.015500 0.018667
1 0.940750 0.259000 0.020500 0.020667
1 0.937250 0.249333 0.021500 0.016000
0 0.924000 0.233667 0.005000 0.014000
1 0.878000 0.226333 0.015000 0.014000
1 0.918750 0.221000 0.014500 0.015333
1 0.907250 0.206667 0.012500 0.012000
1 0.882000 0.206333 0.014000 0.012667
1 0.894250 0.195333 0.014500 0.012000
1 0.821250 0.187333 0.010500 0.013333
1 0.806500 0.153667 0.017000 0.011333
1 0.255250 0.322333 0.038500 0.030000
1 0.233250 0.318000 0.039500 0.030667
1 0.080000 0.242333 0.028000 0.024667
1 0.065000 0.280000 0.024000 0.024000
1 0.160500 0.248667 0.034000 0.018667
1 0.137250 0.298333 0.033500 0.022000
1 0.217500 0.265333 0.038000 0.020000
1 0.041750 0.275667 0.037500 0.019333
1 0.011000 0.264000 0.022000 0.025333
0 0.021250 0.267667 0.008500 0.019333