1 0.484286 0.537437 0.088571 0.095178
1 0.540714 0.497462 0.094286 0.111675
1 0.605000 0.483503 0.087143 0.081218
1 0.628214 0.700508 0.127857 0.144670
1 0.723214 0.687183 0.132143 0.148477
1 0.705714 0.576142 0.105714 0.101523
0 0.604643 0.557741 0.026429 0.072335
0 0.624286 0.387056 0.011429 0.048223
0 0.624643 0.375000 0.010714 0.049492
0 0.598571 0.267132 0.010000 0.039340
0 0.745357 0.347081 0.013571 0.046954
0 0.732857 0.328046 0.014286 0.044416
0 0.888571 0.394670 0.011429 0.050761
0 0.877500 0.366117 0.013571 0.049492
0 0.787143 0.187817 0.007143 0.032995
0 0.797857 0.187817 0.008571 0.035533
0 0.853571 0.130711 0.010000 0.022843
1 0.402143 0.197970 0.038571 0.053299
1 0.370357 0.199873 0.039286 0.046954
1 0.370357 0.182107 0.030714 0.034264