0 0.216429 0.161168 0.004286 0.010152
0 0.182857 0.206218 0.004286 0.011421
0 0.262500 0.229061 0.005000 0.011421
0 0.268929 0.220812 0.003571 0.010152
0 0.265714 0.199873 0.002857 0.011421
0 0.276786 0.235406 0.003571 0.011421
0 0.276429 0.221447 0.004286 0.011421
0 0.272143 0.203680 0.002857 0.011421
0 0.284643 0.210025 0.002143 0.008883
0 0.288214 0.217005 0.003571 0.012690
0 0.463214 0.122462 0.002143 0.008883
0 0.467500 0.109772 0.002143 0.008883
0 0.459286 0.171954 0.002857 0.011421
0 0.456071 0.181472 0.002143 0.010152
0 0.456429 0.178299 0.002857 0.011421
0 0.523214 0.096447 0.002143 0.010152
0 0.497143 0.153553 0.001429 0.010152
1 0.610357 0.012690 0.009286 0.017766
1 0.613571 0.040609 0.010000 0.020305
1 0.630000 0.093274 0.010000 0.021574
1 0.662143 0.159898 0.011429 0.025381
1 0.617143 0.194162 0.018571 0.015228
1 0.828214 0.173858 0.017857 0.020305
1 0.687857 0.199239 0.012857 0.025381
1 0.671071 0.236675 0.013571 0.026650
1 0.726786 0.328046 0.015000 0.031726
1 0.706071 0.362310 0.015000 0.029188
1 0.795714 0.462563 0.021429 0.019036
1 0.949286 0.444162 0.025714 0.022843
0 0.974643 0.298223 0.005000 0.010152
1 0.923929 0.243020 0.020714 0.016497
1 0.908929 0.210660 0.019286 0.020305
0 0.922500 0.807107 0.005000 0.012690
1 0.858571 0.786802 0.022857 0.055838
1 0.666429 0.520939 0.024286 0.024112
1 0.550714 0.420051 0.021429 0.022843
1 0.626429 0.533629 0.024286 0.021574
1 0.452500 0.494289 0.020714 0.024112
1 0.385714 0.560279 0.022857 0.029188
1 0.450000 0.715102 0.025714 0.031726
1 0.506429 0.667513 0.024286 0.030457
1 0.389286 0.719543 0.025714 0.032995
1 0.259643 0.708756 0.023571 0.029188
1 0.277143 0.845178 0.027143 0.035533
1 0.496429 0.980330 0.027143 0.021574
1 0.455714 0.951777 0.015714 0.048223
1 0.226429 0.902919 0.030000 0.036802
1 0.160714 0.989848 0.028571 0.017766
1 0.095000 0.986675 0.027143 0.024112
1 0.150714 0.801396 0.025714 0.031726
0 0.228214 0.456853 0.003571 0.012690
1 0.221786 0.506345 0.023571 0.025381
1 0.255714 0.479061 0.021429 0.026650
1 0.283571 0.450508 0.018571 0.025381
1 0.309643 0.421320 0.020714 0.022843
1 0.363571 0.362944 0.017143 0.022843
1 0.386786 0.330584 0.017857 0.024112
1 0.339286 0.390863 0.021429 0.027919
1 0.731071 0.708756 0.025000 0.024112