1 0.681628 0.928108 0.067850 0.071429
1 0.665971 0.811224 0.072025 0.069573
1 0.654489 0.647032 0.049061 0.052876
1 0.632307 0.619666 0.054802 0.050093
0 0.479645 0.676716 0.010438 0.021336
0 0.482516 0.609462 0.006785 0.025974
1 0.680846 0.558905 0.055846 0.041744
1 0.670407 0.492579 0.049582 0.035250
1 0.667797 0.465213 0.048539 0.034323
1 0.657881 0.435065 0.051670 0.038961
0 0.489040 0.473098 0.006263 0.018553
0 0.494520 0.468460 0.007829 0.016698
0 0.500522 0.458720 0.007307 0.028757
0 0.571503 0.343228 0.006263 0.025974
0 0.581159 0.339518 0.004697 0.027829
0 0.591336 0.329777 0.006263 0.019481
0 0.518789 0.322820 0.006263 0.018553
0 0.533142 0.296846 0.006785 0.024119
0 0.479906 0.278757 0.004697 0.015770
0 0.481733 0.275510 0.004175 0.018553
1 0.601253 0.246753 0.034447 0.027829
1 0.578288 0.225881 0.031315 0.030612
1 0.596555 0.206865 0.026096 0.018553
1 0.588466 0.198516 0.032881 0.027829
1 0.587683 0.180891 0.038622 0.033395
0 0.495303 0.174397 0.004175 0.020408
0 0.514614 0.127087 0.004175 0.018553
0 0.511743 0.127087 0.004697 0.016698
0 0.510177 0.057050 0.003653 0.015770
0 0.498695 0.059369 0.004697 0.012987
0 0.497390 0.056122 0.003132 0.015770
0 0.493215 0.057978 0.003132 0.010204
0 0.491910 0.057050 0.003653 0.013915
0 0.495825 0.043135 0.003132 0.010204
0 0.522704 0.021336 0.002610 0.012987
1 0.546973 0.105751 0.025052 0.022263
1 0.578027 0.117811 0.023486 0.020408
0 0.585334 0.097403 0.005741 0.016698
1 0.573330 0.103432 0.025574 0.021336
1 0.572808 0.090909 0.018267 0.022263
1 0.569676 0.085807 0.023486 0.019481
1 0.569415 0.077922 0.021921 0.018553
1 0.565762 0.065399 0.022965 0.017625
1 0.564979 0.060761 0.023486 0.019481
1 0.546451 0.083952 0.024008 0.019481
1 0.551148 0.073748 0.016701 0.015770
1 0.615866 0.059833 0.011482 0.021336
0 0.532359 0.035714 0.004175 0.015770
1 0.535491 0.016234 0.018789 0.013915
1 0.540449 0.024583 0.009916 0.012059
1 0.556628 0.025046 0.022443 0.014842
1 0.556106 0.017161 0.020355 0.013915
1 0.539144 0.014378 0.017745 0.012059
0 0.799843 0.591373 0.009916 0.023191
0 0.807411 0.586271 0.009395 0.022263
1 0.950157 0.543599 0.048539 0.079777
0 0.920929 0.218924 0.006785 0.016698
0 0.894050 0.236085 0.006263 0.008349
0 0.878132 0.183673 0.005741 0.014842
0 0.862213 0.160482 0.005219 0.020408
0 0.867693 0.160946 0.006785 0.021336
0 0.861430 0.148887 0.004697 0.017625
1 0.805063 0.139147 0.018267 0.025974
1 0.786795 0.195269 0.023486 0.032468
1 0.751566 0.106215 0.019833 0.025046
0 0.795929 0.125232 0.004175 0.016698
0 0.694154 0.270872 0.004175 0.025974
1 0.669363 0.294527 0.043319 0.036178
0 0.671190 0.358534 0.009395 0.017625
0 0.729123 0.333952 0.006263 0.022263
0 0.732777 0.321429 0.007307 0.021336
0 0.752088 0.317254 0.008351 0.018553
0 0.767223 0.326994 0.006263 0.026902
1 0.696242 0.027365 0.011482 0.017625
1 0.729384 0.031540 0.020355 0.016698
0 0.709551 0.017625 0.002610 0.011132
0 0.710073 0.018553 0.002610 0.007421
1 0.767745 0.013915 0.016701 0.014842
1 0.764092 0.009276 0.018789 0.012987
1 0.760177 0.006494 0.015136 0.012987