0 0.349643 0.105714 0.012143 0.019048
1 0.475714 0.020476 0.031429 0.040952
0 0.528929 0.177619 0.013571 0.033333
1 0.633929 0.189524 0.069286 0.053333
1 0.626429 0.092381 0.078571 0.053333
1 0.618214 0.046667 0.077857 0.053333
0 0.547857 0.305238 0.012857 0.031429
1 0.476786 0.325714 0.040714 0.104762
1 0.428571 0.383810 0.034286 0.104762
1 0.303571 0.208095 0.040000 0.107619
0 0.325714 0.398571 0.014286 0.021905
1 0.290357 0.464762 0.036429 0.112381
1 0.373571 0.532381 0.038571 0.121905
1 0.282143 0.607619 0.041429 0.123810
1 0.273571 0.930000 0.048571 0.136190
0 0.681429 0.305238 0.012857 0.018095
1 0.650000 0.593333 0.095714 0.059048
0 0.584286 0.790000 0.017143 0.029524
1 0.673571 0.800952 0.097143 0.053333
1 0.530714 0.876190 0.047143 0.140952
1 0.488929 0.968571 0.043571 0.062857
1 0.383214 0.963810 0.043571 0.064762