1 0.087500 0.119924 0.009286 0.013959
1 0.089286 0.157995 0.010000 0.016497
1 0.075714 0.141497 0.008571 0.021574
1 0.062857 0.193528 0.018571 0.021574
1 0.322143 0.602792 0.018571 0.032995
1 0.349286 0.735406 0.032857 0.044416
1 0.492500 0.470178 0.022143 0.019036
1 0.610714 0.416244 0.020000 0.020305
0 0.681429 0.178934 0.002857 0.007614
1 0.637857 0.044416 0.007143 0.012690
1 0.684286 0.010152 0.008571 0.010152
1 0.709643 0.027284 0.007857 0.011421
1 0.816786 0.184645 0.013571 0.013959
1 0.800357 0.092005 0.012143 0.013959
1 0.865714 0.163071 0.014286 0.019036
1 0.837857 0.130711 0.012857 0.020305
0 0.857857 0.223350 0.002857 0.012690
0 0.842500 0.229695 0.003571 0.010152
0 0.845357 0.232234 0.003571 0.012690
1 0.835000 0.056472 0.011429 0.013959
1 0.838571 0.005076 0.010000 0.007614
1 0.868929 0.006980 0.007857 0.006345