1 0.619643 0.592381 0.029286 0.028571
1 0.646429 0.605714 0.025714 0.024762
1 0.654286 0.588095 0.030000 0.025714
1 0.636429 0.569048 0.021429 0.025714
1 0.525714 0.564286 0.024286 0.021905
1 0.516786 0.549524 0.022143 0.024762
1 0.500357 0.536190 0.020714 0.022857
1 0.720357 0.591905 0.030714 0.031429
1 0.745714 0.584286 0.028571 0.025714
1 0.730357 0.565714 0.033571 0.032381
1 0.704643 0.547619 0.029286 0.026667
1 0.671071 0.576667 0.033571 0.031429
1 0.564643 0.566190 0.030714 0.029524
1 0.541429 0.550952 0.020000 0.021905
1 0.528929 0.531429 0.025000 0.020952
1 0.663571 0.552857 0.024286 0.025714
1 0.674286 0.549048 0.031429 0.027619
1 0.585000 0.519048 0.024286 0.020952
1 0.590357 0.509524 0.022143 0.020952
1 0.565000 0.500000 0.027143 0.022857
1 0.543214 0.520000 0.023571 0.019048
1 0.582500 0.484286 0.025000 0.020000
1 0.562143 0.478095 0.022857 0.017143
1 0.539643 0.487143 0.025000 0.018095
1 0.534286 0.499524 0.028571 0.021905
1 0.516786 0.505238 0.026429 0.023810
1 0.495714 0.506190 0.025714 0.020000
0 0.740714 0.484762 0.005714 0.011429
0 0.784286 0.450476 0.005714 0.013333
0 0.912143 0.513810 0.007143 0.010476
0 0.890714 0.555238 0.007143 0.015238
1 0.451786 0.495714 0.022143 0.018095
1 0.472500 0.490476 0.020714 0.017143
1 0.497143 0.491905 0.022857 0.021905
1 0.507857 0.484286 0.024286 0.023810
1 0.480000 0.480952 0.022857 0.017143
1 0.490714 0.473810 0.022857 0.018095
1 0.057500 0.610000 0.022143 0.031429
1 0.948929 0.975714 0.052143 0.048571