1 0.099643 0.046667 0.017857 0.009524
1 0.182857 0.034762 0.004286 0.008571
1 0.198571 0.013810 0.012857 0.023810
1 0.308214 0.022857 0.009286 0.013333
1 0.330357 0.150000 0.022143 0.031429
1 0.342857 0.140952 0.018571 0.024762
1 0.305357 0.151429 0.010714 0.015238
1 0.322143 0.132381 0.012857 0.013333
0 0.370714 0.161429 0.002857 0.008571
0 0.321429 0.793810 0.010000 0.021905
0 0.442500 0.736190 0.007857 0.019048
1 0.469643 0.659048 0.027857 0.070476
1 0.624643 0.491905 0.067857 0.119048
1 0.494643 0.215714 0.015000 0.018095
0 0.569643 0.252381 0.003571 0.013333
0 0.577500 0.239524 0.003571 0.014286
0 0.567143 0.225238 0.004286 0.010476
0 0.556786 0.226667 0.003571 0.011429
0 0.601071 0.275714 0.003571 0.016190
0 0.645714 0.402857 0.005714 0.015238
1 0.630000 0.323810 0.030000 0.022857
1 0.641786 0.265714 0.017857 0.019048
1 0.620357 0.264762 0.017857 0.017143
1 0.609643 0.271429 0.019286 0.022857
1 0.637500 0.224762 0.022143 0.017143
1 0.609286 0.150476 0.017143 0.011429
1 0.620357 0.140000 0.016429 0.011429
1 0.588571 0.130476 0.020000 0.011429
0 0.515000 0.195714 0.002857 0.008571
1 0.540714 0.160000 0.020000 0.013333
1 0.627857 0.125238 0.018571 0.012381
1 0.640357 0.137619 0.029286 0.027619
1 0.548929 0.150000 0.015000 0.014286
1 0.532143 0.150952 0.014286 0.014286
1 0.520357 0.143810 0.026429 0.022857
1 0.521429 0.135238 0.027143 0.017143
1 0.557500 0.112381 0.012143 0.032381
1 0.424643 0.177619 0.027857 0.025714
1 0.483929 0.162857 0.017857 0.026667
1 0.538929 0.111429 0.010714 0.032381
1 0.527500 0.118095 0.006429 0.009524
0 0.535357 0.194286 0.003571 0.009524
1 0.808571 0.917619 0.118571 0.162857
0 0.821071 0.833810 0.013571 0.014286
1 0.972143 0.701905 0.054286 0.034286
1 0.985714 0.735238 0.028571 0.040000
1 0.981429 0.561905 0.037143 0.034286
1 0.985357 0.508095 0.029286 0.031429
1 0.865714 0.658571 0.054286 0.063810
1 0.793929 0.678095 0.072143 0.104762
1 0.902857 0.657143 0.055714 0.064762
1 0.953571 0.664762 0.057143 0.032381
1 0.931786 0.629524 0.056429 0.030476
1 0.970000 0.541429 0.050000 0.031429
1 0.978571 0.486190 0.042857 0.023810
1 0.962500 0.467619 0.045000 0.026667
1 0.936071 0.495238 0.049286 0.032381
1 0.918571 0.474286 0.047143 0.028571
1 0.893571 0.407619 0.034286 0.036190
1 0.876786 0.409524 0.032143 0.040000
1 0.852857 0.499048 0.041429 0.045714
1 0.883929 0.540000 0.040714 0.051429
1 0.953214 0.518095 0.047857 0.028571
1 0.861071 0.544286 0.040714 0.054286
1 0.828571 0.499048 0.038571 0.043810
1 0.836429 0.413810 0.030000 0.037143
1 0.774643 0.416667 0.023571 0.037143
1 0.758571 0.422381 0.018571 0.033333
1 0.829286 0.352857 0.028571 0.037143
1 0.757143 0.339048 0.031429 0.020952
1 0.719286 0.265238 0.034286 0.025714
1 0.848214 0.353333 0.032143 0.034286
1 0.872500 0.356667 0.030714 0.029524
1 0.888929 0.354286 0.029286 0.024762
1 0.908214 0.354762 0.029286 0.029524
1 0.963214 0.346667 0.022143 0.017143
1 0.942500 0.350952 0.030714 0.029524
1 0.791786 0.355714 0.026429 0.035238
1 0.727500 0.280476 0.029286 0.018095
1 0.698929 0.204762 0.022143 0.017143
1 0.704643 0.260476 0.020714 0.016190
1 0.673571 0.212857 0.021429 0.016190
1 0.687500 0.187619 0.020714 0.020952
1 0.667143 0.137619 0.010000 0.010476
1 0.533214 0.083810 0.007857 0.009524
1 0.522857 0.084762 0.008571 0.011429
1 0.437857 0.029048 0.005714 0.006667
1 0.407143 0.020000 0.007143 0.007619
1 0.410357 0.010952 0.005000 0.008571
1 0.464286 0.068571 0.011429 0.017143
0 0.512857 0.090476 0.002857 0.007619
1 0.480714 0.030952 0.010000 0.008571
1 0.487143 0.034286 0.008571 0.007619
1 0.415000 0.020000 0.005714 0.003810
1 0.428214 0.030476 0.007857 0.007619
1 0.415714 0.029048 0.005714 0.008571