1 0.171429 0.909048 0.100000 0.180000
1 0.067500 0.820000 0.110714 0.215238
0 0.488214 0.786667 0.020714 0.047619
0 0.509286 0.690000 0.017143 0.052381
1 0.631429 0.674762 0.091429 0.132381
1 0.624643 0.560952 0.127857 0.089524
1 0.589286 0.299524 0.084286 0.052381
1 0.490357 0.190476 0.057857 0.043810
0 0.476786 0.195238 0.009286 0.036190
0 0.525714 0.130000 0.008571 0.025714
0 0.492500 0.129048 0.006429 0.027619
0 0.540000 0.040000 0.007143 0.026667
1 0.464286 0.030000 0.018571 0.031429
1 0.468214 0.010952 0.017857 0.021905
1 0.369643 0.028095 0.020714 0.039048
1 0.331071 0.043333 0.026429 0.037143
1 0.355357 0.073333 0.023571 0.047619
1 0.440357 0.087619 0.023571 0.036190
1 0.443214 0.149048 0.023571 0.031429
1 0.354286 0.263810 0.060000 0.055238
1 0.268214 0.413810 0.053571 0.105714
0 0.075357 0.504286 0.022143 0.039048