1 0.823330 0.673933 0.073591 0.151206
0 0.599165 0.620594 0.018789 0.059369
0 0.747390 0.942486 0.030271 0.076067
0 0.789144 0.945269 0.027140 0.072356
1 0.435804 0.582560 0.070981 0.129870
1 0.510960 0.407236 0.043841 0.072356
1 0.612474 0.349722 0.030793 0.087199
0 0.527923 0.169759 0.005741 0.027829
0 0.533142 0.170686 0.006785 0.025974
1 0.526096 0.154453 0.037578 0.028757
0 0.473121 0.116883 0.004697 0.018553
0 0.503392 0.118738 0.004697 0.016698
1 0.496868 0.061224 0.019833 0.018553
0 0.601775 0.128942 0.006263 0.018553
0 0.649791 0.128942 0.006263 0.014842
1 0.626827 0.161410 0.034447 0.040816
1 0.696503 0.126623 0.014092 0.026902
1 0.721033 0.202226 0.024530 0.040816
0 0.746086 0.227737 0.009916 0.032468
1 0.856733 0.220315 0.031837 0.039889
1 0.950157 0.574675 0.098643 0.095547
1 0.880219 0.142393 0.040188 0.039889
0 0.717641 0.142857 0.006263 0.022263
0 0.726253 0.145176 0.007829 0.026902
0 0.721033 0.116419 0.004697 0.019481
0 0.724948 0.116883 0.005219 0.022263
0 0.712944 0.119666 0.005219 0.020408
1 0.769572 0.089054 0.013048 0.018553
1 0.784708 0.113173 0.017223 0.024119
0 0.734342 0.095547 0.004175 0.014842
0 0.795407 0.044991 0.003132 0.010204
0 0.783142 0.073284 0.003653 0.011132
1 0.776357 0.040816 0.012004 0.012987
1 0.765136 0.041280 0.011482 0.015770
0 0.771660 0.059369 0.002610 0.016698
0 0.770094 0.059369 0.003653 0.014842
1 0.791754 0.028757 0.010438 0.011132
1 0.835856 0.103896 0.013048 0.024119
1 0.842119 0.087662 0.022443 0.017625
0 0.860647 0.089981 0.004175 0.018553
1 0.835073 0.066327 0.018789 0.019481
1 0.849687 0.030148 0.014614 0.013915
0 0.750261 0.089518 0.004697 0.013915