1 0.303571 0.016497 0.018571 0.032995
1 0.291786 0.050761 0.025000 0.032995
1 0.302143 0.092640 0.027143 0.035533
1 0.354286 0.074873 0.018571 0.045685
1 0.393571 0.035533 0.017143 0.035533
1 0.375357 0.116117 0.023571 0.036802
1 0.429286 0.064086 0.025714 0.034264
1 0.390714 0.294416 0.020000 0.045685
1 0.470000 0.184010 0.025714 0.032995
1 0.475714 0.160533 0.021429 0.029188
1 0.510714 0.173858 0.027143 0.032995
1 0.490357 0.397208 0.017857 0.040609
1 0.440714 0.381980 0.012857 0.038071
1 0.392857 0.388325 0.027143 0.022843
1 0.403571 0.446066 0.022857 0.029188
1 0.517500 0.484772 0.023571 0.038071
1 0.579643 0.210025 0.022143 0.031726
1 0.587500 0.180838 0.022143 0.029188
1 0.596429 0.161802 0.020000 0.029188
1 0.599643 0.139594 0.022143 0.027919
1 0.551786 0.291878 0.029286 0.038071
0 0.598214 0.541878 0.003571 0.007614
1 0.207500 0.979061 0.017857 0.039340
0 0.360714 0.839467 0.002857 0.008883
0 0.362857 0.829315 0.004286 0.008883
0 0.366429 0.825508 0.004286 0.006345
0 0.367857 0.835660 0.002857 0.006345
1 0.466429 0.718909 0.024286 0.046954
1 0.615000 0.864848 0.017143 0.049492
0 0.598571 0.809645 0.004286 0.007614
0 0.608214 0.755711 0.003571 0.006345
1 0.669286 0.815990 0.020000 0.055838
1 0.598571 0.940355 0.018571 0.053299
1 0.631429 0.793782 0.017143 0.049492
1 0.645714 0.723985 0.017143 0.049492
1 0.658571 0.671320 0.018571 0.048223
1 0.674286 0.690355 0.018571 0.050761
1 0.673929 0.616117 0.019286 0.046954
1 0.688571 0.560279 0.018571 0.046954
1 0.698214 0.606599 0.017857 0.048223
1 0.701429 0.504442 0.018571 0.044416
1 0.740714 0.442893 0.017143 0.043147
1 0.772857 0.350254 0.020000 0.045685
1 0.752857 0.338832 0.018571 0.043147
1 0.845000 0.459391 0.028571 0.027919
1 0.822857 0.413706 0.017143 0.045685
1 0.815714 0.214467 0.018571 0.040609
1 0.832143 0.236675 0.020000 0.041878
1 0.768571 0.295685 0.017143 0.038071
1 0.745357 0.243020 0.017857 0.031726
1 0.774643 0.177030 0.020714 0.034264
1 0.845000 0.017766 0.017143 0.035533
1 0.912143 0.018401 0.018571 0.036802
1 0.877857 0.049492 0.015714 0.032995
1 0.833929 0.114213 0.019286 0.035533
1 0.876429 0.112944 0.018571 0.040609
1 0.810714 0.097081 0.018571 0.036802
1 0.815357 0.164975 0.017857 0.038071
1 0.838214 0.152919 0.019286 0.039340
0 0.789286 0.051396 0.004286 0.011421
0 0.780357 0.064721 0.005000 0.010152
0 0.763929 0.114848 0.005000 0.008883
0 0.763214 0.093909 0.006429 0.010152
0 0.768214 0.099619 0.005000 0.011421
0 0.787500 0.068528 0.003571 0.007614
0 0.042857 0.803934 0.007143 0.008883
0 0.067500 0.790609 0.006429 0.005076
0 0.057857 0.817259 0.007143 0.007614
0 0.045714 0.840102 0.004286 0.005076