1 0.350357 0.793810 0.059286 0.185714
1 0.717143 0.826667 0.128571 0.089524
1 0.662500 0.594762 0.115000 0.082857
1 0.637857 0.471905 0.118571 0.086667
1 0.616429 0.348571 0.098571 0.074286
1 0.510714 0.560000 0.110000 0.080000
1 0.491071 0.317619 0.100714 0.069524
1 0.495357 0.468571 0.103571 0.070476
0 0.737500 0.730952 0.026429 0.037143
0 0.643214 0.225238 0.016429 0.044762
0 0.376786 0.384762 0.016429 0.030476
1 0.574286 0.185714 0.087143 0.059048
1 0.554643 0.142381 0.085000 0.058095
1 0.462143 0.086667 0.081429 0.051429
1 0.724643 0.955714 0.145000 0.088571