1 0.328571 0.113579 0.021429 0.052030
1 0.323929 0.155457 0.019286 0.046954
1 0.318214 0.190355 0.020714 0.048223
1 0.313929 0.230964 0.023571 0.060914
1 0.310357 0.274112 0.022143 0.055838
1 0.303929 0.309010 0.023571 0.052030
1 0.209286 0.491751 0.014286 0.049492
1 0.242143 0.433376 0.017143 0.052030
1 0.260000 0.448604 0.018571 0.052030
1 0.276429 0.459391 0.018571 0.055838
1 0.287500 0.676396 0.030714 0.027919
1 0.251071 0.737310 0.017857 0.050761
1 0.387143 0.569797 0.014286 0.053299
1 0.442143 0.783629 0.012857 0.054569
1 0.440357 0.552665 0.013571 0.054569
1 0.889643 0.972716 0.026429 0.052030
1 0.853929 0.902919 0.023571 0.049492
1 0.808571 0.746827 0.020000 0.057107
1 0.789286 0.661802 0.020000 0.057107
1 0.772143 0.588832 0.020000 0.055838
1 0.735357 0.375635 0.019286 0.058376
0 0.724286 0.024112 0.007143 0.010152
1 0.403929 0.012690 0.010714 0.025381
1 0.427857 0.050127 0.012857 0.049492
1 0.433571 0.166878 0.012857 0.052030
1 0.395000 0.268401 0.012857 0.044416
1 0.421786 0.435279 0.012143 0.048223
1 0.440000 0.395939 0.012857 0.050761
1 0.491071 0.414975 0.012143 0.053299