1 0.167500 0.797589 0.039286 0.039340
1 0.298929 0.669416 0.036429 0.034264
1 0.322857 0.846447 0.047143 0.045685
0 0.334643 0.319797 0.006429 0.012690
1 0.680000 0.088832 0.008571 0.017766
1 0.686429 0.145939 0.010000 0.020305
1 0.670714 0.288706 0.011429 0.019036
1 0.686071 0.430838 0.012143 0.034264
1 0.676429 0.564721 0.015714 0.045685
1 0.760000 0.843909 0.041429 0.045685
1 0.841071 0.957487 0.050714 0.049492
1 0.825000 0.859137 0.038571 0.040609
1 0.901786 0.635787 0.023571 0.050761
1 0.921429 0.625635 0.025714 0.053299