0 0.193929 0.241905 0.017857 0.051429
0 0.211786 0.238571 0.019286 0.052381
0 0.145357 0.103810 0.025000 0.047619
0 0.141429 0.264286 0.020000 0.035238
0 0.291071 0.022381 0.013571 0.042857
1 0.334643 0.030952 0.037857 0.058095
1 0.283571 0.187143 0.050000 0.069524
1 0.304286 0.092857 0.042857 0.067619
1 0.357857 0.441905 0.064286 0.156190
1 0.361071 0.310000 0.050714 0.105714
0 0.480000 0.158095 0.015714 0.045714
0 0.481429 0.147143 0.012857 0.046667
0 0.586429 0.191905 0.012857 0.044762
1 0.593214 0.133333 0.042143 0.060952
1 0.577500 0.069524 0.039286 0.053333
1 0.563214 0.017143 0.032143 0.034286
0 0.776786 0.092857 0.016429 0.042857
0 0.794286 0.088571 0.014286 0.043810
0 0.743929 0.129048 0.013571 0.039048
0 0.892857 0.291905 0.021429 0.052381
0 0.917143 0.279524 0.025714 0.052381
1 0.817143 0.425238 0.090000 0.100000
1 0.955714 0.806667 0.088571 0.234286
1 0.787143 0.339048 0.072857 0.093333
1 0.758214 0.809048 0.117857 0.252381
1 0.698571 0.585238 0.085714 0.151429
1 0.657500 0.428095 0.069286 0.128571
1 0.627143 0.300952 0.055714 0.095238
1 0.720714 0.158571 0.081429 0.065714
1 0.460000 0.760476 0.074286 0.225714
1 0.282500 0.647143 0.166429 0.107619
1 0.265000 0.801905 0.160000 0.156190