1 0.026071 0.747143 0.052143 0.040952
1 0.042500 0.691429 0.059286 0.030476
1 0.746786 0.948095 0.070714 0.063810
1 0.597500 0.737619 0.029286 0.069524
1 0.749286 0.739524 0.032857 0.065714
1 0.638929 0.647619 0.047857 0.028571
1 0.641429 0.676190 0.048571 0.030476
1 0.557500 0.447619 0.036429 0.024762
1 0.562500 0.425238 0.037857 0.021905
1 0.677857 0.532857 0.047143 0.029524
1 0.546786 0.265238 0.029286 0.023810
1 0.614643 0.259048 0.022143 0.019048
1 0.424286 0.403333 0.018571 0.033333
1 0.502143 0.160952 0.012857 0.022857
1 0.233214 0.167619 0.025000 0.015238
1 0.293214 0.178095 0.025000 0.015238
1 0.297500 0.169524 0.026429 0.013333
1 0.313214 0.149048 0.022143 0.016190
1 0.212857 0.194286 0.027143 0.017143
1 0.113214 0.331905 0.032143 0.025714
1 0.210714 0.336667 0.028571 0.016190
0 0.205714 0.437143 0.008571 0.019048
0 0.771071 0.911905 0.015000 0.014286
0 0.440357 0.314762 0.005000 0.010476
0 0.462500 0.298095 0.005000 0.009524
1 0.309286 0.129048 0.020000 0.018095
0 0.636071 0.362857 0.005000 0.017143
0 0.612143 0.358571 0.007143 0.014286