1 0.808716 0.828850 0.057933 0.058442
1 0.601253 0.743506 0.058455 0.058442
0 0.554541 0.595547 0.008873 0.022263
1 0.553497 0.492115 0.024530 0.064007
1 0.567067 0.423933 0.025574 0.066790
1 0.579071 0.338126 0.022443 0.054731
1 0.592641 0.160019 0.010960 0.038033
1 0.562891 0.143321 0.017223 0.036178
1 0.576461 0.076531 0.015136 0.030612
0 0.889092 0.689239 0.009916 0.025974
1 0.318633 0.935993 0.063152 0.072356
1 0.238518 0.949907 0.063674 0.068646
0 0.181367 0.953618 0.012004 0.022263
1 0.184760 0.984694 0.029228 0.028757
1 0.110908 0.977737 0.036013 0.042672
1 0.075678 0.967069 0.052192 0.064007
1 0.031315 0.890538 0.062630 0.066790
1 0.024530 0.219388 0.032359 0.043599
1 0.045146 0.167440 0.022443 0.045455
1 0.015397 0.155380 0.028706 0.043599