0 0.034286 0.330584 0.010000 0.031726
0 0.034643 0.323604 0.007857 0.020305
0 0.016786 0.552030 0.017857 0.048223
0 0.005357 0.557107 0.010714 0.040609
0 0.062500 0.685914 0.010714 0.039340
0 0.096786 0.750000 0.009286 0.032995
0 0.100714 0.873096 0.011429 0.032995
0 0.108571 0.875000 0.008571 0.026650
0 0.115000 0.860406 0.011429 0.032995
0 0.176071 0.956218 0.012143 0.039340
0 0.167500 0.974619 0.012143 0.035533
0 0.302143 0.276015 0.007143 0.029188
0 0.306429 0.274112 0.007143 0.030457
1 0.306071 0.248731 0.040714 0.050761
1 0.342500 0.217005 0.035000 0.048223
0 0.350357 0.135787 0.006429 0.020305
0 0.367143 0.129442 0.004286 0.020305
0 0.411071 0.099619 0.003571 0.019036
0 0.416071 0.100254 0.003571 0.017766
1 0.420714 0.158629 0.024286 0.040609
1 0.371429 0.204315 0.030000 0.040609
1 0.399286 0.178934 0.030000 0.043147
1 0.482857 0.373096 0.067143 0.065990
1 0.400000 0.445431 0.075714 0.083756
1 0.387143 0.498731 0.077143 0.096447
1 0.366786 0.532360 0.079286 0.100254
1 0.469643 0.439721 0.049286 0.102792
1 0.577143 0.367386 0.070000 0.064721
1 0.338929 0.573604 0.046429 0.065990
1 0.650000 0.391497 0.058571 0.052030
1 0.709643 0.404822 0.050714 0.050761
1 0.760000 0.375635 0.032857 0.078680
1 0.785357 0.393401 0.023571 0.055838
1 0.824643 0.532360 0.060714 0.046954
1 0.619643 0.454315 0.056429 0.053299
1 0.553214 0.637690 0.080714 0.087563
1 0.580357 0.562183 0.073571 0.073604
1 0.670000 0.520305 0.072857 0.068528
1 0.687857 0.475254 0.068571 0.052030
1 0.677500 0.496193 0.055000 0.053299
1 0.668214 0.563452 0.073571 0.063452
1 0.661429 0.599619 0.081429 0.069797
1 0.646786 0.634518 0.067857 0.068528
1 0.636429 0.680203 0.085714 0.086294
1 0.605714 0.713832 0.081429 0.087563