1 0.691000 0.809000 0.209000 0.200667
1 0.210250 0.627333 0.160500 0.148000
1 0.253250 0.529667 0.145500 0.132667
1 0.098500 0.388333 0.123000 0.106000
1 0.263000 0.317333 0.116000 0.100000
1 0.320250 0.252333 0.111500 0.094000
1 0.461000 0.323000 0.136000 0.116667
1 0.597500 0.424667 0.106000 0.153333
1 0.756250 0.544667 0.137500 0.194667
1 0.866500 0.564333 0.136000 0.176667
1 0.197000 0.206667 0.065000 0.082667
1 0.117500 0.174667 0.061000 0.082667
1 0.046250 0.146000 0.056500 0.076000
1 0.096000 0.071000 0.093000 0.075333
1 0.056250 0.033333 0.096500 0.066667
0 0.488500 0.229333 0.016000 0.058667
0 0.847000 0.471667 0.023000 0.056667