1 0.547500 0.439086 0.055000 0.060914
0 0.651786 0.523477 0.010714 0.036802
0 0.316071 0.647843 0.009286 0.049492
0 0.312143 0.640228 0.007143 0.039340
1 0.751071 0.263325 0.036429 0.049492
1 0.736429 0.218909 0.031429 0.034264
1 0.702500 0.236675 0.032143 0.036802
0 0.486071 0.271574 0.006429 0.035533
0 0.488571 0.354061 0.008571 0.038071
0 0.443571 0.355330 0.008571 0.032995
0 0.431071 0.371827 0.006429 0.032995
0 0.428214 0.361675 0.007857 0.032995
0 0.297500 0.435914 0.006429 0.036802
0 0.305000 0.435279 0.008571 0.038071
0 0.100000 0.047589 0.005714 0.021574
0 0.129286 0.107234 0.005714 0.021574
0 0.161071 0.187183 0.005000 0.019036
1 0.126786 0.258249 0.020714 0.046954
1 0.122857 0.301396 0.022857 0.049492
1 0.108929 0.142766 0.027857 0.034264
1 0.125714 0.166244 0.020000 0.045685
1 0.131429 0.203680 0.018571 0.052030
1 0.083929 0.086294 0.036429 0.027919