1 0.300357 0.715238 0.057857 0.163810
1 0.309286 0.535714 0.052857 0.149524
1 0.322500 0.362857 0.046429 0.135238
0 0.368929 0.324762 0.019286 0.032381
1 0.526071 0.052381 0.040714 0.102857
0 0.593571 0.022381 0.014286 0.044762
1 0.534286 0.525714 0.048571 0.142857
1 0.535000 0.362381 0.045714 0.126667
0 0.496071 0.978095 0.020714 0.028571
0 0.661071 0.908571 0.019286 0.038095
0 0.692500 0.875238 0.026429 0.028571
1 0.763929 0.790476 0.112143 0.091429
1 0.766786 0.963333 0.125000 0.073333
1 0.721429 0.419048 0.114286 0.068571
1 0.703929 0.050476 0.095000 0.066667