1 0.391786 0.782360 0.020714 0.052030
1 0.295714 0.642132 0.014286 0.027919
1 0.304286 0.538071 0.017143 0.027919
1 0.257143 0.565355 0.014286 0.029188
1 0.238929 0.312183 0.010714 0.017766
1 0.211071 0.275381 0.007857 0.015228
1 0.169643 0.195431 0.006429 0.007614
1 0.160714 0.165609 0.005714 0.008883
1 0.167143 0.151650 0.005714 0.008883
1 0.163929 0.127538 0.005000 0.008883
1 0.157500 0.125000 0.005000 0.008883
1 0.451429 0.327411 0.010000 0.017766
1 0.451429 0.286168 0.010000 0.016497
1 0.565000 0.187817 0.010000 0.012690
1 0.608929 0.145939 0.009286 0.010152
1 0.653929 0.134518 0.007857 0.010152
1 0.694286 0.213198 0.007143 0.010152
1 0.703214 0.208756 0.007857 0.011421
1 0.681071 0.296320 0.012143 0.016497
1 0.742857 0.273477 0.008571 0.016497
1 0.790714 0.309645 0.017143 0.015228
1 0.793571 0.317893 0.015714 0.013959
0 0.838929 0.870558 0.010714 0.035533
1 0.948929 0.414340 0.019286 0.021574
1 0.946071 0.373096 0.025000 0.022843
1 0.889286 0.352157 0.014286 0.016497
1 0.867500 0.350888 0.019286 0.013959
1 0.877143 0.347716 0.017143 0.015228
1 0.846071 0.335025 0.016429 0.017766