1 0.304019 0.785714 0.043319 0.053803
0 0.393267 0.792208 0.008873 0.020408
1 0.376044 0.650278 0.034969 0.040816
0 0.307411 0.669295 0.005219 0.028757
1 0.511482 0.609462 0.017745 0.031540
1 0.474948 0.527829 0.025052 0.022263
1 0.479645 0.515306 0.025052 0.021336
1 0.485647 0.507421 0.026618 0.020408
0 0.497129 0.485622 0.004697 0.017625
0 0.526096 0.569573 0.005219 0.014842
0 0.527662 0.570965 0.004175 0.015770
0 0.549322 0.590445 0.004697 0.015770
0 0.550626 0.584879 0.006263 0.013915
0 0.553236 0.539889 0.005219 0.014842
0 0.557411 0.518089 0.004175 0.015770
1 0.609081 0.503711 0.019833 0.025974
1 0.613518 0.495826 0.020355 0.023191
1 0.560282 0.441558 0.022443 0.018553
1 0.600992 0.390074 0.015136 0.013915
1 0.610125 0.381725 0.017745 0.013915
0 0.612735 0.364564 0.004175 0.011132
0 0.617171 0.352968 0.003653 0.012059
1 0.630219 0.362709 0.014092 0.014842
1 0.632307 0.355288 0.013048 0.012987
1 0.638570 0.342764 0.013048 0.010204
1 0.646138 0.330705 0.013570 0.010204
1 0.649791 0.329314 0.012526 0.009276
0 0.669102 0.307050 0.002088 0.007421
1 0.681367 0.358534 0.010960 0.012059
1 0.685543 0.353896 0.010960 0.013915
1 0.688152 0.349722 0.010960 0.012987
1 0.687630 0.344156 0.012004 0.012987
1 0.690762 0.342764 0.010960 0.013915
1 0.693894 0.338126 0.010960 0.013915
1 0.674322 0.290816 0.009395 0.008349
1 0.687109 0.278757 0.008873 0.008349
1 0.689457 0.271800 0.007307 0.007421
0 0.672756 0.309369 0.002088 0.004638
0 0.675365 0.310297 0.003132 0.006494
1 0.759134 0.523655 0.014092 0.023191
1 0.747129 0.282004 0.007829 0.009276
1 0.780010 0.260204 0.003653 0.006494
1 0.771660 0.236549 0.004697 0.007421
1 0.779228 0.233302 0.003132 0.006494
1 0.775313 0.218924 0.002610 0.005566
1 0.779228 0.209647 0.002088 0.003711
1 0.776618 0.203618 0.002088 0.002783
1 0.778184 0.206865 0.003132 0.003711
1 0.950418 0.927180 0.035491 0.065863
1 0.889353 0.652597 0.032359 0.051020
1 0.883090 0.628015 0.024008 0.035250
1 0.884916 0.613173 0.027662 0.037106
0 0.934760 0.583488 0.006263 0.016698
1 0.868998 0.560761 0.031315 0.026902
1 0.860647 0.528293 0.024008 0.028757
1 0.850992 0.471243 0.024530 0.022263
0 0.903184 0.464286 0.004697 0.017625
1 0.846816 0.451299 0.022443 0.017625
1 0.847338 0.446197 0.022443 0.018553
1 0.844729 0.435993 0.019311 0.016698
0 0.843685 0.414657 0.004697 0.014842
0 0.870564 0.410019 0.003132 0.009276
1 0.839770 0.405380 0.009395 0.014842
1 0.836378 0.391466 0.015136 0.014842
1 0.833246 0.385900 0.016180 0.011132
1 0.830376 0.363636 0.014614 0.014842
0 0.853079 0.374304 0.004697 0.008349
0 0.913100 0.412801 0.004697 0.005566
0 0.912056 0.406772 0.003653 0.010204
0 0.842902 0.333952 0.003132 0.011132
0 0.830637 0.338126 0.002610 0.010204
1 0.824635 0.336271 0.011482 0.010204
0 0.821503 0.300093 0.002088 0.008349
0 0.828288 0.295918 0.002088 0.005566
1 0.816023 0.287106 0.007829 0.008349
1 0.816023 0.277829 0.006785 0.006494
1 0.824374 0.276438 0.004697 0.007421
1 0.812370 0.235622 0.003653 0.005566
1 0.819676 0.227273 0.005741 0.005566