1 0.041071 0.475888 0.056429 0.048223
1 0.055357 0.584391 0.060714 0.054569
1 0.215000 0.524746 0.055714 0.046954
1 0.277143 0.498096 0.054286 0.046954
1 0.341786 0.480964 0.052143 0.048223
1 0.468214 0.387056 0.049286 0.040609
1 0.421071 0.362944 0.045000 0.043147
1 0.507143 0.338832 0.050000 0.045685
1 0.636786 0.296954 0.046429 0.045685
1 0.606071 0.460025 0.050714 0.044416
1 0.671429 0.442893 0.050000 0.045685
1 0.695357 0.605964 0.036429 0.100254
1 0.889643 0.788706 0.066429 0.059645
1 0.922857 0.831853 0.071429 0.062183
1 0.924643 0.878807 0.070714 0.057107
1 0.937857 0.936548 0.064286 0.058376
1 0.816071 0.687817 0.039286 0.101523
1 0.817500 0.585025 0.032143 0.083756
1 0.800000 0.598985 0.031429 0.091371
1 0.955000 0.767766 0.057143 0.055838
1 0.976071 0.807107 0.047857 0.058376
1 0.978214 0.863579 0.043571 0.054569
1 0.983929 0.916244 0.032143 0.065990
1 0.957500 0.978426 0.069286 0.040609
1 0.941071 0.724619 0.060714 0.058376
1 0.776071 0.622462 0.035000 0.105330
1 0.927143 0.206218 0.034286 0.067259
0 0.724643 0.085660 0.007857 0.024112
0 0.683929 0.062183 0.007857 0.030457
0 0.827143 0.059010 0.007143 0.026650
0 0.828214 0.066624 0.005000 0.026650
0 0.781071 0.201777 0.010714 0.017766
1 0.570000 0.315355 0.048571 0.041878
1 0.535714 0.376904 0.050000 0.045685
1 0.630357 0.344543 0.046429 0.036802
1 0.114286 0.454315 0.058571 0.050761
1 0.068214 0.521574 0.053571 0.053299
1 0.136429 0.546954 0.058571 0.053299
1 0.221429 0.464467 0.054286 0.053299
1 0.313571 0.438452 0.052857 0.052030
1 0.318571 0.387056 0.054286 0.053299
1 0.256071 0.407360 0.052143 0.045685
1 0.394286 0.411168 0.052857 0.050761
1 0.015000 0.813452 0.030000 0.081218
0 0.670357 0.130076 0.007857 0.024112
0 0.678571 0.148477 0.007143 0.020305
0 0.655357 0.148477 0.007857 0.022843