0 0.066071 0.056472 0.003571 0.008883
0 0.070357 0.064086 0.002143 0.006345
0 0.078214 0.052030 0.003571 0.007614
0 0.055000 0.083756 0.002857 0.010152
0 0.052500 0.085025 0.003571 0.010152
1 0.069286 0.103426 0.018571 0.013959
0 0.103214 0.034264 0.006429 0.012690
1 0.286786 0.078046 0.017857 0.016497
1 0.363571 0.071701 0.015714 0.019036
1 0.382857 0.108503 0.011429 0.024112
1 0.407143 0.128173 0.007143 0.022843
0 0.419643 0.053299 0.002143 0.010152
0 0.421786 0.052030 0.002143 0.010152
0 0.421429 0.077411 0.001429 0.010152
0 0.457143 0.239213 0.002857 0.013959
0 0.459643 0.237310 0.002143 0.012690
0 0.463571 0.235406 0.002857 0.011421
1 0.394643 0.206218 0.007857 0.026650
1 0.407143 0.263959 0.010000 0.027919
0 0.377500 0.200508 0.003571 0.012690
0 0.376071 0.229695 0.003571 0.012690
0 0.384286 0.255711 0.001429 0.011421
0 0.382857 0.352157 0.002857 0.013959
0 0.383929 0.344543 0.002143 0.008883
0 0.373571 0.379442 0.004286 0.010152
0 0.383929 0.386421 0.003571 0.011421
0 0.385000 0.426396 0.002857 0.012690
0 0.380714 0.385787 0.002857 0.010152
0 0.379286 0.388959 0.002857 0.011421
0 0.376429 0.402284 0.002857 0.012690
0 0.380357 0.568528 0.003571 0.012690
1 0.432857 0.491751 0.011429 0.036802
1 0.429286 0.586929 0.011429 0.041878
1 0.439286 0.816624 0.012857 0.054569
1 0.433214 0.971447 0.022143 0.054569
1 0.021786 0.977157 0.026429 0.043147
1 0.182143 0.954949 0.021429 0.062183
1 0.227857 0.942259 0.018571 0.059645
1 0.266429 0.938452 0.018571 0.062183
1 0.247143 0.945431 0.018571 0.063452
0 0.883571 0.525381 0.002857 0.012690
1 0.732500 0.737944 0.029286 0.026650
1 0.802143 0.604061 0.024286 0.022843
1 0.805357 0.622462 0.030714 0.029188
1 0.713929 0.661168 0.027857 0.025381
1 0.718214 0.686548 0.026429 0.022843
1 0.807500 0.650381 0.029286 0.024112