1 0.076429 0.740476 0.078571 0.132381
1 0.131071 0.599524 0.067857 0.120952
1 0.173929 0.466667 0.056429 0.108571
1 0.243571 0.370000 0.050000 0.088571
1 0.247857 0.252381 0.044286 0.064762
1 0.292857 0.105714 0.032857 0.060952
1 0.275714 0.180000 0.048571 0.066667
1 0.535000 0.527619 0.041429 0.112381
1 0.473929 0.496667 0.035000 0.063810
1 0.418929 0.525238 0.040714 0.084762
1 0.493929 0.743810 0.105000 0.068571
1 0.627143 0.780476 0.102857 0.082857
1 0.507500 0.290952 0.036429 0.084762
1 0.462143 0.137619 0.028571 0.054286
1 0.473571 0.085238 0.027143 0.048571
1 0.547500 0.121429 0.033571 0.054286
0 0.609643 0.356190 0.013571 0.022857
0 0.540357 0.427143 0.009286 0.029524
0 0.548929 0.429048 0.009286 0.020000
0 0.560357 0.425714 0.013571 0.034286
0 0.427500 0.333333 0.013571 0.034286
0 0.396429 0.335238 0.014286 0.032381
0 0.452500 0.308095 0.016429 0.029524
1 0.577857 0.083810 0.050000 0.043810
1 0.571429 0.063810 0.057143 0.040000
1 0.320714 0.027619 0.034286 0.055238
0 0.347143 0.070000 0.008571 0.029524
0 0.350714 0.062381 0.008571 0.027619
1 0.328929 0.080000 0.033571 0.051429
1 0.958929 0.796667 0.082143 0.071429
0 0.639286 0.922857 0.017143 0.032381