1 0.354643 0.784762 0.057857 0.154286
1 0.288929 0.915238 0.059286 0.144762
1 0.322857 0.617619 0.054286 0.147619
1 0.397143 0.320476 0.038571 0.092381
1 0.411071 0.168571 0.030714 0.068571
1 0.402500 0.112857 0.026429 0.061905
1 0.414286 0.059048 0.028571 0.064762
1 0.606429 0.487619 0.041429 0.099048
1 0.575357 0.221905 0.029286 0.064762
1 0.571429 0.152857 0.027143 0.058095
1 0.698214 0.207143 0.079286 0.048571
1 0.696786 0.243810 0.073571 0.055238
1 0.673214 0.443333 0.046429 0.109524
0 0.611429 0.111905 0.010000 0.033333
1 0.813571 0.913333 0.100000 0.167619
1 0.847143 0.784762 0.111429 0.081905
1 0.817857 0.714286 0.118571 0.072381
1 0.633571 0.775714 0.055714 0.149524
0 0.585714 0.837619 0.017143 0.027619
0 0.797857 0.365714 0.012857 0.022857