1 0.492500 0.359137 0.013571 0.025381
1 0.249286 0.845812 0.065714 0.067259
1 0.422143 0.684010 0.037143 0.076142
1 0.486786 0.579315 0.037857 0.062183
1 0.444286 0.501269 0.032857 0.038071
1 0.512143 0.465736 0.031429 0.035533
1 0.595357 0.483503 0.030714 0.050761
1 0.888214 0.222716 0.019286 0.019036
1 0.943571 0.182741 0.015714 0.020305
1 0.986786 0.168147 0.015000 0.019036
1 0.656071 0.541878 0.030714 0.032995
1 0.683929 0.520305 0.029286 0.032995
1 0.709286 0.494924 0.017143 0.035533
1 0.760000 0.500000 0.025714 0.025381
1 0.730357 0.481599 0.019286 0.036802
1 0.757857 0.460025 0.017143 0.024112
1 0.776429 0.441624 0.017143 0.027919
1 0.752500 0.442259 0.016429 0.026650
1 0.899643 0.352157 0.015000 0.024112
1 0.593571 0.754442 0.027143 0.054569
1 0.549643 0.751904 0.025000 0.049492
1 0.550000 0.885787 0.025714 0.063452
1 0.737143 0.659264 0.020000 0.039340
1 0.773571 0.690355 0.032857 0.038071
1 0.792143 0.638959 0.040000 0.049492
1 0.802500 0.617386 0.022143 0.026650
1 0.830000 0.559010 0.022857 0.039340
1 0.848929 0.574873 0.020714 0.038071
1 0.870000 0.581218 0.022857 0.038071
1 0.887143 0.594543 0.020000 0.036802
1 0.908214 0.605964 0.020714 0.039340
1 0.930000 0.621193 0.020000 0.041878
1 0.951429 0.633249 0.021429 0.045685
1 0.976429 0.640228 0.021429 0.052030
1 0.915714 0.690355 0.048571 0.050761
1 0.908214 0.717005 0.045000 0.048223
1 0.944643 0.826142 0.029286 0.053299
1 0.918571 0.812183 0.028571 0.050761
1 0.964286 0.135152 0.012857 0.016497
1 0.941429 0.283629 0.024286 0.024112
1 0.755357 0.401650 0.023571 0.026650
1 0.736071 0.410533 0.017857 0.029188
1 0.669286 0.485406 0.018571 0.021574
1 0.855714 0.539340 0.015714 0.038071
1 0.847143 0.492386 0.024286 0.020305
1 0.882857 0.556472 0.020000 0.041878
1 0.905357 0.569797 0.020714 0.040609
1 0.930357 0.581218 0.019286 0.040609
1 0.957857 0.603426 0.020000 0.041878
1 0.691071 0.446066 0.016429 0.026650
1 0.511786 0.097716 0.006429 0.012690
1 0.513571 0.079315 0.007143 0.016497
1 0.511071 0.176396 0.009286 0.020305
0 0.490357 0.774746 0.013571 0.036802
0 0.488214 0.899112 0.013571 0.036802
1 0.904286 0.285533 0.027143 0.017766