1 0.328250 0.807333 0.236500 0.176000
1 0.078500 0.865000 0.157000 0.130000
1 0.194250 0.641333 0.161500 0.089333
1 0.370000 0.605333 0.166000 0.089333
0 0.531000 0.736667 0.035000 0.054667
1 0.812250 0.631000 0.175500 0.092667
1 0.956750 0.842333 0.086500 0.190000
1 0.479500 0.455333 0.055000 0.053333
1 0.356500 0.492667 0.105000 0.066667
1 0.327250 0.457333 0.080500 0.065333
1 0.341500 0.418667 0.083000 0.057333
1 0.323250 0.410667 0.068500 0.041333
1 0.323000 0.393667 0.071000 0.031333
1 0.319500 0.381000 0.071000 0.038000
1 0.330000 0.333667 0.057000 0.030000
1 0.318250 0.325667 0.056500 0.027333
1 0.316500 0.303333 0.048000 0.025333
1 0.319750 0.296333 0.049500 0.016667
1 0.316750 0.287667 0.051500 0.024667
1 0.312750 0.267000 0.044500 0.023333
1 0.307750 0.258333 0.030500 0.012667
1 0.313000 0.253333 0.036000 0.008000
1 0.309250 0.248667 0.030500 0.013333
1 0.357500 0.231667 0.025000 0.011333
1 0.323250 0.191333 0.006500 0.008000
1 0.330000 0.197667 0.013000 0.006000
1 0.406000 0.286667 0.031000 0.021333
1 0.404000 0.276333 0.030000 0.014000
1 0.387000 0.255667 0.017000 0.018000