1 0.262143 0.978426 0.031429 0.040609
1 0.472857 0.778553 0.025714 0.087563
1 0.524286 0.704315 0.028571 0.086294
1 0.343214 0.657360 0.025000 0.068528
1 0.301429 0.687183 0.024286 0.067259
1 0.388929 0.413071 0.017857 0.052030
1 0.430357 0.363579 0.017857 0.067259
1 0.364643 0.373096 0.017857 0.050761
1 0.333214 0.414340 0.020714 0.054569
1 0.362857 0.270939 0.018571 0.039340
1 0.351071 0.196701 0.017857 0.032995
1 0.396786 0.227157 0.016429 0.038071
1 0.374286 0.174492 0.014286 0.031726
1 0.399643 0.140228 0.015000 0.029188
1 0.482143 0.185914 0.015714 0.041878
1 0.473929 0.086929 0.015000 0.039340
1 0.380357 0.043147 0.012143 0.025381
1 0.400357 0.060914 0.013571 0.030457
1 0.552500 0.032995 0.020714 0.025381
1 0.641429 0.021574 0.022857 0.030457
1 0.578929 0.006980 0.017857 0.013959
1 0.870714 0.029822 0.017143 0.031726