0 0.485714 0.659898 0.017143 0.058376
1 0.120714 0.371827 0.055714 0.149746
1 0.100714 0.661168 0.052857 0.170051
1 0.361786 0.748731 0.060714 0.170051
1 0.742500 0.944162 0.066429 0.109137
1 0.883214 0.928934 0.096429 0.139594
1 0.945357 0.901650 0.100714 0.194162
1 0.674286 0.939721 0.075714 0.118020
1 0.975357 0.868655 0.049286 0.242386
1 0.292500 0.795051 0.057857 0.219543
1 0.225000 0.821066 0.067143 0.236041
1 0.147143 0.854695 0.074286 0.252538
1 0.081786 0.859772 0.063571 0.237310
1 0.266071 0.295685 0.055000 0.159898
1 0.219286 0.581218 0.071429 0.246193
1 0.281429 0.559645 0.078571 0.236041
1 0.065000 0.362944 0.062857 0.185279
1 0.020714 0.398477 0.041429 0.152284
1 0.022857 0.900381 0.045714 0.196701