1 0.113214 0.456190 0.035000 0.051429
1 0.194643 0.125714 0.023571 0.017143
1 0.900357 0.580000 0.046429 0.036190
1 0.515714 0.193333 0.024286 0.020952
1 0.581786 0.372857 0.022143 0.033333
1 0.435357 0.269524 0.013571 0.022857
1 0.643571 0.230000 0.024286 0.016190
1 0.639643 0.220000 0.025000 0.017143
1 0.496071 0.131429 0.012143 0.015238
1 0.462143 0.062857 0.014286 0.011429
1 0.244286 0.106190 0.012857 0.016190
1 0.229643 0.102857 0.013571 0.015238
1 0.193571 0.108095 0.011429 0.012381
1 0.317500 0.067143 0.016429 0.012381
1 0.328214 0.050952 0.016429 0.010476
1 0.329643 0.049048 0.017857 0.010476
1 0.331071 0.044286 0.017857 0.010476
1 0.327857 0.040952 0.018571 0.011429
1 0.338214 0.016667 0.016429 0.010476
1 0.462500 0.007143 0.005000 0.008571
1 0.470000 0.019048 0.008571 0.009524
1 0.466429 0.003333 0.010000 0.006667
0 0.467857 0.563333 0.007143 0.018095
0 0.445714 0.430476 0.005714 0.011429
0 0.456429 0.382381 0.007143 0.012381