1 0.376429 0.930203 0.071429 0.065990
1 0.667143 0.789975 0.060000 0.057107
1 0.930714 0.667513 0.058571 0.050761
1 0.357500 0.600888 0.020714 0.069797
1 0.566786 0.595812 0.029286 0.064721
1 0.465000 0.374365 0.015714 0.038071
1 0.423571 0.513959 0.021429 0.065990
1 0.385000 0.425761 0.017143 0.049492
1 0.133214 0.464467 0.026429 0.040609
0 0.020714 0.434010 0.007143 0.020305
0 0.135714 0.241117 0.005714 0.015228
0 0.130000 0.225888 0.007143 0.017766
0 0.142857 0.231599 0.005714 0.019036
0 0.146786 0.227157 0.005000 0.020305
0 0.150357 0.220812 0.003571 0.017766
0 0.145714 0.220178 0.004286 0.016497
0 0.149286 0.211294 0.004286 0.016497
0 0.154643 0.206853 0.005000 0.017766
1 0.427500 0.093274 0.010714 0.026650
1 0.373571 0.013959 0.011429 0.017766
0 0.365000 0.043147 0.004286 0.012690
1 0.332857 0.041244 0.012857 0.021574
1 0.358929 0.097081 0.013571 0.026650
0 0.258571 0.056472 0.002857 0.013959
0 0.264286 0.039340 0.002857 0.012690
0 0.276429 0.029188 0.002857 0.010152
0 0.239286 0.082487 0.004286 0.012690
0 0.233214 0.083756 0.002143 0.012690
0 0.229286 0.086929 0.002857 0.013959
0 0.229286 0.072970 0.002857 0.013959
0 0.225000 0.084391 0.002857 0.011421
0 0.245000 0.065355 0.002857 0.016497
0 0.158214 0.188452 0.003571 0.016497
0 0.591429 0.142766 0.004286 0.016497
0 0.518571 0.189721 0.002857 0.016497
0 0.522500 0.185914 0.003571 0.013959
0 0.536429 0.229061 0.002857 0.016497
0 0.546429 0.260787 0.002857 0.021574
0 0.681071 0.379442 0.005000 0.020305
0 0.683214 0.371193 0.005000 0.019036
0 0.707500 0.366751 0.003571 0.017766
0 0.697500 0.362310 0.003571 0.019036
1 0.917857 0.142766 0.034286 0.029188
1 0.865000 0.097081 0.024286 0.029188
1 0.830357 0.059010 0.022143 0.024112
1 0.801071 0.020939 0.025000 0.026650