1 0.230000 0.962381 0.067143 0.075238
1 0.540714 0.783810 0.051429 0.171429
1 0.598571 0.803810 0.052857 0.169524
0 0.518929 0.459048 0.017857 0.028571
0 0.533571 0.457143 0.012857 0.032381
0 0.549643 0.500000 0.016429 0.030476
1 0.589286 0.390952 0.044286 0.124762
1 0.601071 0.087143 0.040714 0.101905
0 0.558929 0.010952 0.012143 0.021905
0 0.571071 0.010000 0.012143 0.020000
0 0.547500 0.011429 0.009286 0.022857
0 0.228214 0.510476 0.022143 0.022857
1 0.294643 0.612857 0.062143 0.147619
1 0.315000 0.445238 0.054286 0.124762
1 0.206786 0.200476 0.057857 0.119048