0 0.010000 0.045238 0.020000 0.039048
0 0.020000 0.034762 0.021429 0.035238
0 0.031786 0.021429 0.017857 0.031429
0 0.026071 0.028095 0.026429 0.040952
0 0.029643 0.287143 0.027857 0.021905
0 0.028214 0.298095 0.026429 0.017143
0 0.083929 0.551905 0.027857 0.035238
1 0.356429 0.663333 0.111429 0.218095
0 0.335714 0.587143 0.018571 0.025714
1 0.381071 0.468571 0.093571 0.144762
1 0.460357 0.630952 0.116429 0.189524
1 0.518929 0.540000 0.130714 0.205714
1 0.596429 0.514286 0.117143 0.163810
1 0.663214 0.470952 0.103571 0.128571
1 0.577857 0.364762 0.100000 0.116190
0 0.453929 0.361429 0.020714 0.058095
0 0.489286 0.367143 0.017143 0.058095
0 0.585357 0.274762 0.017857 0.056190
1 0.782500 0.337143 0.122143 0.108571
1 0.722857 0.418571 0.117143 0.140000
1 0.733571 0.294762 0.104286 0.094286
1 0.691786 0.246190 0.105000 0.082857
1 0.587143 0.111429 0.068571 0.097143
1 0.635357 0.085714 0.083571 0.108571
1 0.529643 0.050952 0.067857 0.080952
1 0.816071 0.094762 0.110714 0.096190
1 0.727143 0.038095 0.085714 0.074286
0 0.844286 0.527143 0.037143 0.065714
0 0.816071 0.506190 0.029286 0.065714
1 0.952500 0.731905 0.092143 0.180000
1 0.885000 0.891429 0.227143 0.215238