0 0.357255 0.923006 0.021399 0.037106
1 0.443372 0.962894 0.031837 0.072356
1 0.535230 0.757885 0.024530 0.051948
0 0.573591 0.773655 0.005219 0.035250
0 0.583768 0.780148 0.007829 0.035250
0 0.633612 0.778293 0.006263 0.029685
0 0.644311 0.702226 0.007829 0.027829
0 0.697547 0.861781 0.009916 0.038961
1 0.715814 0.921150 0.069415 0.061224
1 0.749217 0.961039 0.077766 0.064935
0 0.569154 0.639610 0.006785 0.019481
1 0.507829 0.577458 0.013570 0.026902
1 0.566023 0.546382 0.018267 0.020408
1 0.362213 0.448052 0.011482 0.012987
1 0.435804 0.466605 0.011482 0.011132
1 0.432411 0.462430 0.014092 0.010204
1 0.482516 0.479592 0.008873 0.012987
1 0.536534 0.507421 0.012526 0.024119
1 0.522965 0.462430 0.007307 0.012059
0 0.562370 0.493970 0.003653 0.010204
0 0.568894 0.493970 0.003132 0.010204
0 0.550626 0.502783 0.003132 0.009276
0 0.530532 0.468924 0.002610 0.008349
0 0.550104 0.456865 0.002088 0.006494
0 0.538361 0.402134 0.001566 0.004638
0 0.543580 0.391929 0.001566 0.004638
0 0.551670 0.437848 0.002088 0.005566
1 0.545146 0.404917 0.004697 0.006494
1 0.552453 0.399351 0.004697 0.008349
1 0.553236 0.406772 0.006263 0.006494
1 0.530532 0.404917 0.005741 0.008349
1 0.532359 0.399351 0.005219 0.008349
1 0.550887 0.392393 0.004697 0.005566
1 0.544885 0.384508 0.003132 0.004638
0 0.524008 0.558442 0.004175 0.014842
0 0.551931 0.594620 0.004697 0.016698
0 0.631524 0.615955 0.006263 0.020408