1 0.433214 0.980952 0.049286 0.038095
1 0.566071 0.958571 0.029286 0.082857
1 0.688929 0.679524 0.033571 0.071429
1 0.649286 0.569524 0.025714 0.055238
1 0.610357 0.506667 0.027857 0.070476
1 0.641429 0.482381 0.028571 0.052381
1 0.615357 0.394286 0.029286 0.059048
1 0.580357 0.367619 0.025000 0.053333
1 0.630357 0.325238 0.030714 0.050476
1 0.560357 0.258571 0.022143 0.050476
1 0.602857 0.224286 0.024286 0.042857
1 0.577143 0.152857 0.021429 0.042857
1 0.534643 0.174286 0.023571 0.055238
1 0.541071 0.026190 0.017857 0.033333
1 0.802857 0.115238 0.038571 0.030476
1 0.785714 0.102381 0.032857 0.029524
1 0.771071 0.088095 0.035000 0.029524
1 0.752857 0.073810 0.032857 0.025714
1 0.735714 0.049524 0.032857 0.032381
1 0.726429 0.031905 0.031429 0.031429
1 0.507857 0.579048 0.027143 0.055238
1 0.491429 0.512381 0.025714 0.055238
1 0.491786 0.454762 0.025000 0.052381
1 0.483571 0.389048 0.024286 0.050476
1 0.475000 0.327143 0.022857 0.044762
1 0.470357 0.280476 0.020714 0.044762
1 0.462857 0.229524 0.021429 0.047619
1 0.459286 0.189048 0.022857 0.037143
1 0.415357 0.195714 0.023571 0.044762
0 0.423214 0.300476 0.009286 0.020000
0 0.436071 0.198095 0.007857 0.020952
1 0.429643 0.019524 0.019286 0.035238
1 0.355357 0.022857 0.030714 0.026667
1 0.393929 0.494762 0.052143 0.035238
1 0.306429 0.578571 0.035714 0.052381