1 0.373929 0.467005 0.030714 0.081218
1 0.592143 0.576777 0.050000 0.062183
1 0.543929 0.449239 0.030714 0.055838
1 0.453214 0.197335 0.025000 0.049492
1 0.341429 0.252538 0.020000 0.045685
1 0.348571 0.018401 0.022857 0.034264
1 0.283571 0.019670 0.018571 0.024112
1 0.021071 0.650381 0.040714 0.082487
1 0.532143 0.079949 0.015714 0.022843
1 0.423571 0.019670 0.014286 0.026650
1 0.489643 0.039975 0.012143 0.029188
1 0.567857 0.013325 0.025714 0.013959
1 0.528929 0.035533 0.017857 0.010152
1 0.530000 0.024746 0.017143 0.013959
1 0.533929 0.018401 0.019286 0.019036
1 0.544286 0.007614 0.020000 0.012690
1 0.094643 0.090736 0.020714 0.021574
1 0.111786 0.225888 0.017857 0.027919
1 0.069643 0.053299 0.015000 0.020305
1 0.098571 0.013325 0.018571 0.016497
1 0.174643 0.041244 0.012143 0.016497
1 0.168571 0.029188 0.014286 0.015228
0 0.211071 0.090102 0.009286 0.025381
0 0.515357 0.190355 0.009286 0.025381