1 0.100357 0.022857 0.043571 0.041905
1 0.150357 0.034762 0.043571 0.065714
1 0.109286 0.081429 0.081429 0.046667
1 0.123571 0.125238 0.094286 0.054286
1 0.096786 0.156190 0.063571 0.083810
1 0.060357 0.223333 0.072143 0.094286
0 0.212143 0.004762 0.007143 0.009524
1 0.257500 0.150000 0.043571 0.058095
1 0.285000 0.860000 0.108571 0.278095
1 0.901786 0.934286 0.196429 0.129524
1 0.544286 0.721429 0.110000 0.269524
1 0.434643 0.681905 0.086429 0.228571
1 0.303571 0.578571 0.082857 0.178095
1 0.515714 0.499524 0.070000 0.149524
0 0.697857 0.387143 0.030000 0.058095
0 0.563214 0.375714 0.013571 0.060000
1 0.496786 0.340952 0.060714 0.106667
1 0.475000 0.235714 0.051429 0.075238
1 0.462500 0.161905 0.039286 0.064762
1 0.451071 0.110952 0.039286 0.056190
0 0.522143 0.042857 0.007143 0.040000
1 0.415357 0.020000 0.066429 0.038095
1 0.418929 0.322381 0.055000 0.084762
1 0.314643 0.398095 0.060714 0.116190
1 0.318929 0.280952 0.046429 0.081905
1 0.326429 0.199524 0.042857 0.058095
1 0.327143 0.136190 0.035714 0.062857
1 0.332143 0.072857 0.045714 0.042857
0 0.324286 0.094286 0.008571 0.040000
0 0.320357 0.068095 0.009286 0.040952