1 0.872500 0.951777 0.025000 0.076142
1 0.864286 0.751269 0.028571 0.055838
1 0.841071 0.652284 0.022143 0.043147
1 0.823929 0.606599 0.017857 0.040609
1 0.586429 0.807741 0.022857 0.090102
1 0.564643 0.729695 0.022143 0.073604
1 0.532500 0.644036 0.026429 0.062183
1 0.486429 0.708756 0.027143 0.069797
1 0.595357 0.259518 0.015000 0.029188
1 0.666786 0.293782 0.015000 0.036802
1 0.653571 0.245558 0.014286 0.034264
1 0.678929 0.222081 0.012143 0.022843
1 0.638214 0.185279 0.013571 0.027919
1 0.698571 0.144670 0.022857 0.063452
1 0.655000 0.131345 0.012857 0.024112
1 0.696786 0.081853 0.015000 0.026650
1 0.731429 0.051396 0.012857 0.026650
1 0.477143 0.352792 0.021429 0.030457
0 0.157500 0.571066 0.007857 0.017766
1 0.630357 0.944162 0.022143 0.068528
1 0.627143 0.876269 0.018571 0.067259
1 0.654286 0.661802 0.047143 0.039340
1 0.653571 0.642132 0.037143 0.030457
1 0.651786 0.627538 0.035000 0.029188
1 0.648571 0.603426 0.025714 0.024112
1 0.650714 0.589467 0.028571 0.031726
1 0.650357 0.568528 0.023571 0.025381
1 0.650000 0.550761 0.021429 0.025381
0 0.753571 0.215102 0.004286 0.016497
0 0.221071 0.682741 0.007857 0.022843
0 0.223929 0.661802 0.007857 0.024112
0 0.217143 0.671320 0.008571 0.030457
0 0.212500 0.680203 0.009286 0.027919