0 0.319415 0.647495 0.007307 0.031540
1 0.427453 0.512987 0.018789 0.035250
1 0.465553 0.638219 0.024008 0.046382
1 0.491127 0.572356 0.025052 0.055659
1 0.486952 0.516234 0.020877 0.039889
1 0.486952 0.479128 0.014614 0.036178
0 0.507568 0.486549 0.005741 0.025046
1 0.498434 0.424397 0.014614 0.026902
0 0.527401 0.656308 0.008873 0.034323
0 0.506263 0.630798 0.007307 0.024119
0 0.490866 0.660019 0.007829 0.032468
0 0.486430 0.659555 0.007307 0.033395
0 0.481211 0.659091 0.008351 0.036178
0 0.474687 0.662338 0.007829 0.027829
1 0.442328 0.819109 0.031837 0.089054
0 0.468685 0.935065 0.015658 0.037106
0 0.544885 0.890074 0.009395 0.034323
0 0.545668 0.952690 0.014092 0.035250
0 0.661013 0.707792 0.005741 0.022263
0 0.591597 0.695269 0.007829 0.038033
0 0.625000 0.511596 0.006785 0.025046
1 0.553497 0.422078 0.014092 0.035250
1 0.550626 0.366883 0.011482 0.030612
0 0.573591 0.360390 0.003132 0.010204
0 0.549582 0.325603 0.005219 0.012987
1 0.544102 0.325139 0.013048 0.017625
0 0.585073 0.345083 0.004175 0.014842
0 0.511743 0.319109 0.003653 0.014842
0 0.502088 0.303803 0.003132 0.012059
0 0.484603 0.327922 0.004697 0.017625
0 0.478079 0.328386 0.003132 0.009276
1 0.514614 0.349258 0.009395 0.025046
1 0.508873 0.359926 0.010438 0.027829
1 0.501044 0.390074 0.013570 0.026902
1 0.509395 0.291280 0.009395 0.016698
0 0.544885 0.299629 0.003132 0.014842
0 0.520877 0.273191 0.003132 0.010204
0 0.516441 0.276902 0.003653 0.012059
0 0.555324 0.291744 0.004175 0.008349
0 0.556367 0.290353 0.004175 0.011132
1 0.570720 0.282931 0.018267 0.014842
0 0.577244 0.269017 0.003132 0.011132
1 0.744520 0.243970 0.009916 0.012987
1 0.737213 0.253711 0.018267 0.015770
1 0.528184 0.237941 0.011482 0.017625
1 0.515397 0.239332 0.009916 0.014842
1 0.514092 0.224490 0.009395 0.011132
0 0.499739 0.224490 0.003653 0.011132
0 0.502610 0.224026 0.003132 0.012059
1 0.477557 0.210575 0.011482 0.012987
1 0.479645 0.209184 0.009395 0.012059
1 0.481211 0.207328 0.009395 0.012059
0 0.504958 0.192950 0.002610 0.005566
1 0.460856 0.236085 0.017745 0.015770
1 0.513048 0.155380 0.007307 0.008349
1 0.516701 0.153989 0.005219 0.005566
0 0.701983 0.916512 0.010438 0.037106