0 0.020357 0.041878 0.007857 0.012690
1 0.036786 0.603426 0.027857 0.036802
1 0.091786 0.657360 0.029286 0.040609
1 0.030357 0.647843 0.029286 0.041878
1 0.006786 0.727157 0.013571 0.048223
1 0.026786 0.763325 0.027857 0.054569
1 0.043571 0.771574 0.020000 0.045685
1 0.078929 0.835660 0.022143 0.049492
1 0.092143 0.856599 0.022857 0.045685
1 0.064286 0.815990 0.027143 0.058376
1 0.148214 0.972716 0.036429 0.031726
1 0.162857 0.722081 0.030000 0.038071
1 0.237857 0.786168 0.032857 0.041878
1 0.289286 0.844543 0.031429 0.039340
1 0.190714 0.772843 0.028571 0.040609
1 0.361071 0.751269 0.035000 0.045685
1 0.423571 0.829949 0.035714 0.043147
1 0.591429 0.800127 0.031429 0.034264
0 0.569286 0.888959 0.007143 0.013959
1 0.925357 0.428299 0.035000 0.031726
1 0.872500 0.449873 0.030714 0.029188
0 0.733214 0.398477 0.007857 0.010152
1 0.766786 0.449239 0.033571 0.027919
1 0.711429 0.439086 0.032857 0.027919
1 0.663571 0.431472 0.034286 0.030457
1 0.535714 0.391497 0.034286 0.031726
0 0.532500 0.277919 0.005000 0.012690