1 0.546071 0.423333 0.017857 0.025714
1 0.546429 0.354762 0.017143 0.027619
1 0.533571 0.327143 0.011429 0.016190
0 0.570714 0.360000 0.002857 0.009524
1 0.538929 0.280476 0.009286 0.010476
1 0.525714 0.275714 0.008571 0.008571
1 0.549286 0.270952 0.008571 0.010476
1 0.521786 0.249048 0.007857 0.006667
1 0.515714 0.252381 0.005714 0.007619
1 0.528571 0.237619 0.010000 0.006667
1 0.401429 0.271905 0.015714 0.008571
0 0.373571 0.300476 0.002857 0.010476
0 0.418571 0.282857 0.002857 0.009524
0 0.426071 0.285714 0.002143 0.005714
1 0.886786 0.438095 0.033571 0.022857
0 0.889286 0.466667 0.005714 0.015238
0 0.252143 0.520476 0.010000 0.020000
1 0.149643 0.427143 0.042143 0.021905
1 0.324643 0.322381 0.013571 0.016190