1 0.252500 0.858095 0.117857 0.280000
1 0.361071 0.760476 0.073571 0.193333
1 0.416786 0.449524 0.053571 0.121905
1 0.498571 0.499048 0.051429 0.100952
1 0.574286 0.705714 0.070000 0.167619
1 0.558571 0.548571 0.055714 0.121905
1 0.558929 0.427143 0.050714 0.086667
1 0.608929 0.908571 0.083571 0.182857
1 0.523214 0.940952 0.076429 0.118095
1 0.045714 0.874762 0.091429 0.220000
1 0.305000 0.425238 0.062857 0.105714
1 0.321786 0.344762 0.047857 0.062857
1 0.435000 0.251905 0.037143 0.065714
1 0.417143 0.163333 0.031429 0.048571
1 0.400357 0.090952 0.023571 0.039048
1 0.387143 0.146667 0.037143 0.041905
1 0.373571 0.178571 0.032857 0.056190
1 0.547857 0.338571 0.037143 0.067619
1 0.542500 0.280000 0.039286 0.059048
0 0.503929 0.302857 0.013571 0.043810
0 0.485357 0.127619 0.010714 0.020952
0 0.485000 0.128571 0.007143 0.017143
1 0.412857 0.055238 0.030000 0.026667
1 0.352143 0.039048 0.022857 0.032381
1 0.376786 0.034286 0.019286 0.040000
1 0.427500 0.017619 0.039286 0.023810
1 0.426786 0.028571 0.036429 0.020952
1 0.424643 0.037619 0.036429 0.025714
1 0.539643 0.122857 0.039286 0.032381
1 0.519643 0.109524 0.045000 0.043810
1 0.516071 0.071905 0.040714 0.027619
1 0.512500 0.055238 0.036429 0.022857
1 0.511429 0.038571 0.037143 0.020000
1 0.510357 0.029524 0.033571 0.019048
0 0.564286 0.075238 0.007143 0.026667
1 0.513214 0.008095 0.035000 0.016190
1 0.736071 0.561905 0.070714 0.133333
0 0.799286 0.336190 0.015714 0.040000
1 0.656429 0.294286 0.042857 0.066667
0 0.713929 0.240000 0.010714 0.034286
0 0.735357 0.183810 0.015000 0.030476
0 0.732143 0.115714 0.011429 0.031429
0 0.639286 0.081429 0.007143 0.025714
0 0.648214 0.070476 0.007857 0.028571
1 0.620357 0.096667 0.025000 0.042857
1 0.593571 0.095714 0.024286 0.033333
1 0.587857 0.069048 0.022857 0.029524
1 0.581786 0.035714 0.020714 0.023810
0 0.593214 0.006190 0.005000 0.012381
0 0.463929 0.817619 0.025000 0.035238
1 0.331071 0.012857 0.026429 0.023810
1 0.390714 0.016190 0.018571 0.032381
1 0.244286 0.068571 0.042857 0.032381
1 0.182857 0.512381 0.052857 0.089524