1 0.529286 0.169048 0.014286 0.037143
1 0.622143 0.265714 0.015714 0.036190
1 0.563214 0.314762 0.015000 0.035238
1 0.586429 0.322381 0.014286 0.039048
1 0.606071 0.330000 0.013571 0.033333
1 0.636071 0.239048 0.015000 0.034286
1 0.683929 0.272857 0.025000 0.016190
1 0.677500 0.310000 0.026429 0.016190
1 0.553929 0.180476 0.012143 0.033333
0 0.598214 0.073333 0.005000 0.007619
0 0.431786 0.265714 0.006429 0.009524
0 0.481429 0.207143 0.004286 0.008571
0 0.435357 0.425714 0.005000 0.013333
1 0.406429 0.542381 0.012857 0.037143
1 0.407500 0.580952 0.010714 0.034286
1 0.263571 0.523333 0.028571 0.018095
1 0.293571 0.687143 0.024286 0.018095
1 0.295000 0.664286 0.025714 0.016190
0 0.472143 0.870000 0.005714 0.010476
1 0.704643 0.590476 0.026429 0.022857
1 0.702857 0.619524 0.024286 0.035238