1 0.682411 0.248145 0.014092 0.023191
0 0.033664 0.651670 0.012004 0.026902
0 0.038361 0.643785 0.012004 0.024119
1 0.068372 0.660946 0.040710 0.060297
1 0.064718 0.738868 0.058455 0.045455
0 0.181889 0.572356 0.006785 0.027829
0 0.254175 0.595547 0.007307 0.020408
0 0.156576 0.692950 0.007307 0.027829
0 0.163361 0.683210 0.010438 0.026902
0 0.166232 0.670223 0.009916 0.028757
0 0.697808 0.627087 0.008351 0.027829
0 0.658664 0.696660 0.010438 0.018553
1 0.882046 0.686456 0.045929 0.064935
1 0.860386 0.629870 0.036013 0.063080
1 0.837683 0.639147 0.036534 0.064935
1 0.861952 0.708720 0.045407 0.064935
1 0.886743 0.916512 0.073069 0.070501
1 0.712683 0.899814 0.064196 0.068646
1 0.716597 0.653525 0.028184 0.067718
1 0.695459 0.700835 0.039144 0.078850
1 0.640658 0.692022 0.026618 0.085343
1 0.619520 0.688776 0.020877 0.082560
1 0.600731 0.695733 0.027140 0.083488
1 0.569154 0.698980 0.025574 0.078850
1 0.480167 0.688776 0.027140 0.071429
1 0.318372 0.653061 0.041754 0.051948
1 0.246868 0.656772 0.032359 0.063080
1 0.285491 0.617347 0.029228 0.075139
1 0.205637 0.619202 0.034447 0.064007
1 0.137526 0.683210 0.062109 0.058442
1 0.123434 0.621521 0.038100 0.068646
1 0.289927 0.697124 0.033925 0.062152
1 0.397965 0.891929 0.065240 0.067718
1 0.461378 0.898887 0.053236 0.070501
1 0.427192 0.652597 0.028706 0.064007
1 0.462683 0.613636 0.030793 0.064007
1 0.227296 0.625696 0.028706 0.056586
0 0.731211 0.114564 0.004175 0.013915
0 0.710073 0.255102 0.003653 0.014842
0 0.714509 0.256494 0.005219 0.012059
0 0.707724 0.255102 0.004175 0.012987
1 0.569415 0.630798 0.022965 0.055659