1 0.344643 0.685914 0.075000 0.110406
1 0.423929 0.769036 0.077857 0.109137
1 0.502857 0.848350 0.087143 0.140863
1 0.268929 0.609772 0.073571 0.097716
1 0.203929 0.536168 0.069286 0.105330
1 0.147143 0.484772 0.065714 0.083756
1 0.785714 0.312817 0.034286 0.074873
1 0.726071 0.277919 0.039286 0.081218
1 0.868571 0.296954 0.037143 0.071066
1 0.808929 0.244924 0.033571 0.060914
1 0.693214 0.181472 0.032143 0.055838
1 0.751071 0.206218 0.033571 0.067259
1 0.782857 0.223985 0.035714 0.069797
1 0.843571 0.264594 0.037143 0.069797
1 0.667857 0.160533 0.037143 0.069797
1 0.731786 0.074239 0.035000 0.064721
1 0.783929 0.093274 0.026429 0.054569
1 0.697143 0.246827 0.048571 0.115482
1 0.824286 0.330584 0.040000 0.087563
1 0.642857 0.210025 0.038571 0.077411
1 0.761071 0.278553 0.037857 0.092640
1 0.538214 0.220178 0.052143 0.110406
1 0.858571 0.168147 0.078571 0.077411
1 0.597143 0.107234 0.032857 0.064721
1 0.572500 0.159898 0.039286 0.073604
1 0.719643 0.193528 0.039286 0.064721
1 0.572857 0.048858 0.060000 0.064721
1 0.595357 0.040609 0.042143 0.048223
1 0.627857 0.373096 0.082857 0.101523
1 0.527500 0.331218 0.057857 0.106599
1 0.628929 0.470178 0.056429 0.100254
1 0.040714 0.370558 0.061429 0.091371
1 0.090714 0.419416 0.061429 0.085025
1 0.009286 0.345812 0.018571 0.057107
0 0.131429 0.399746 0.015714 0.035533
0 0.143929 0.396574 0.016429 0.034264
0 0.057500 0.262690 0.015000 0.038071
0 0.506071 0.710025 0.016429 0.036802
0 0.177143 0.923223 0.017143 0.034264