0 0.047857 0.373096 0.007143 0.027919
0 0.050714 0.366117 0.007143 0.021574
0 0.051429 0.357868 0.008571 0.020305
0 0.051429 0.355330 0.010000 0.025381
1 0.093929 0.428934 0.045000 0.060914
1 0.145714 0.449873 0.048571 0.059645
1 0.193929 0.474619 0.050714 0.058376
1 0.297143 0.528553 0.054286 0.067259
1 0.244286 0.507614 0.051429 0.053299
1 0.356786 0.565355 0.056429 0.062183
1 0.420000 0.596447 0.057143 0.063452
0 0.100357 0.405457 0.006429 0.026650
0 0.113571 0.411168 0.010000 0.030457
0 0.115357 0.407995 0.007857 0.036802
0 0.107143 0.372462 0.008571 0.024112
0 0.121429 0.411168 0.007143 0.030457
0 0.122857 0.418782 0.007143 0.025381
0 0.129286 0.394670 0.008571 0.030457
0 0.130357 0.416244 0.007857 0.030457
0 0.133929 0.411168 0.006429 0.030457
0 0.135357 0.422589 0.006429 0.027919
0 0.142500 0.418147 0.007857 0.026650
0 0.280714 0.476523 0.008571 0.034264
0 0.367500 0.222081 0.007857 0.020305
0 0.377857 0.209391 0.004286 0.017766
0 0.383214 0.198604 0.006429 0.016497
0 0.393214 0.192893 0.003571 0.015228
0 0.397857 0.203046 0.002857 0.015228
0 0.590357 0.259518 0.006429 0.024112
0 0.599286 0.263959 0.004286 0.022843
0 0.604643 0.306472 0.006429 0.024112
0 0.575000 0.343274 0.007143 0.029188
1 0.526786 0.224619 0.039286 0.045685
1 0.539286 0.218909 0.031429 0.034264
1 0.514286 0.329315 0.032857 0.074873
1 0.533214 0.291878 0.023571 0.050761
1 0.545714 0.260152 0.022857 0.048223
1 0.592500 0.413706 0.056429 0.060914
1 0.588214 0.316624 0.023571 0.052030
1 0.629643 0.334391 0.030714 0.074873
1 0.674643 0.352157 0.026429 0.069797
1 0.723214 0.378173 0.020714 0.058376
1 0.732500 0.279822 0.053571 0.052030
1 0.640357 0.232234 0.022143 0.043147
1 0.678571 0.241751 0.017143 0.039340
1 0.600357 0.286168 0.025000 0.044416
1 0.620357 0.297589 0.022143 0.031726
1 0.642143 0.305203 0.022857 0.041878
1 0.651429 0.352157 0.025714 0.052030
1 0.663571 0.310279 0.022857 0.039340
1 0.686071 0.317893 0.022143 0.041878
1 0.696071 0.369289 0.020714 0.050761
1 0.750000 0.356599 0.022857 0.040609
1 0.730000 0.338198 0.022857 0.044416
1 0.706429 0.329949 0.021429 0.035533
1 0.857500 0.079315 0.013571 0.036802
1 0.916429 0.132614 0.037143 0.031726
1 0.919286 0.144036 0.037143 0.029188
1 0.909286 0.201142 0.021429 0.029188
1 0.875000 0.243020 0.022857 0.031726
1 0.848571 0.170685 0.030000 0.029188
1 0.907143 0.172589 0.015714 0.027919
0 0.786786 0.523477 0.009286 0.034264
0 0.791071 0.530457 0.006429 0.032995
0 0.954643 0.530457 0.007857 0.022843
0 0.946071 0.520305 0.006429 0.017766
0 0.933214 0.538071 0.007857 0.020305
0 0.928214 0.534898 0.007857 0.019036
0 0.916786 0.571701 0.009286 0.021574
0 0.931071 0.589467 0.007857 0.026650
0 0.900357 0.597716 0.007857 0.022843
0 0.905000 0.603426 0.010000 0.024112
0 0.911429 0.603426 0.008571 0.024112
1 0.976429 0.798223 0.037143 0.063452
0 0.867500 0.778553 0.010714 0.034264
0 0.683571 0.698604 0.005714 0.031726
0 0.544643 0.923223 0.007857 0.031726
0 0.485714 0.569162 0.008571 0.024112
0 0.427143 0.552030 0.007143 0.025381
1 0.485000 0.635787 0.057143 0.063452
1 0.546429 0.666244 0.064286 0.083756