1 0.367750 0.654000 0.158500 0.140000
1 0.206750 0.593000 0.167500 0.146000
1 0.083000 0.558667 0.158000 0.108000
1 0.062500 0.489667 0.125000 0.124667
1 0.231500 0.429333 0.129000 0.088000
1 0.373500 0.387000 0.123000 0.066000
1 0.494500 0.352667 0.116000 0.070667
1 0.531500 0.323667 0.095000 0.060667
1 0.601500 0.292667 0.100000 0.056000
1 0.718500 0.280333 0.078000 0.062000
1 0.691500 0.253667 0.081000 0.056667
1 0.756000 0.222333 0.082000 0.054000
1 0.695250 0.194000 0.062500 0.053333
1 0.874000 0.176667 0.054000 0.045333
1 0.938500 0.188333 0.048000 0.047333
1 0.917000 0.140000 0.046000 0.064000
1 0.849000 0.120667 0.048000 0.044000
1 0.838000 0.097667 0.030000 0.047333
1 0.794250 0.083333 0.040500 0.040000
1 0.819750 0.059000 0.028500 0.030000
1 0.848750 0.062333 0.033500 0.043333
1 0.874000 0.078000 0.025000 0.029333
1 0.907500 0.078333 0.026000 0.040667
1 0.935500 0.074333 0.050000 0.030000
1 0.973750 0.080333 0.051500 0.034000
1 0.989000 0.070667 0.022000 0.032000
0 0.467250 0.220667 0.013500 0.042667
0 0.392000 0.345333 0.021000 0.045333
0 0.433500 0.385667 0.029000 0.051333
0 0.765500 0.158333 0.009000 0.032667
0 0.657250 0.177333 0.010500 0.040000
0 0.637500 0.178667 0.008000 0.037333
0 0.813500 0.181333 0.011000 0.024000