1 0.062857 0.290476 0.048571 0.083810
1 0.154286 0.258095 0.038571 0.087619
0 0.181786 0.311429 0.010714 0.020952
1 0.235714 0.466190 0.071429 0.061905
0 0.373571 0.383810 0.010000 0.022857
0 0.367857 0.375238 0.007143 0.022857
0 0.384286 0.027143 0.007143 0.027619
0 0.394643 0.025714 0.009286 0.030476
0 0.402857 0.006667 0.007143 0.013333
0 0.493929 0.035238 0.007857 0.026667
0 0.509643 0.043810 0.005000 0.022857
0 0.542143 0.063810 0.005714 0.024762
0 0.557857 0.067143 0.007143 0.021905
0 0.555000 0.085714 0.007143 0.022857
0 0.563214 0.088095 0.005000 0.020000
0 0.590000 0.079524 0.005714 0.027619
0 0.545357 0.103810 0.005000 0.019048
0 0.537143 0.100476 0.007143 0.023810
0 0.538214 0.165714 0.009286 0.026667
0 0.481071 0.125238 0.007857 0.025714
0 0.513571 0.214286 0.007143 0.020952
1 0.485714 0.216190 0.034286 0.064762
1 0.544286 0.225714 0.038571 0.059048
0 0.569643 0.229524 0.009286 0.022857
0 0.470357 0.312857 0.006429 0.018095
0 0.371786 0.338571 0.010714 0.023810
1 0.462857 0.385714 0.054286 0.076190
0 0.441786 0.433810 0.007857 0.016190
0 0.332857 0.367619 0.012857 0.026667
1 0.401429 0.464286 0.068571 0.052381
1 0.098929 0.688095 0.089286 0.069524
0 0.613214 0.773810 0.013571 0.021905
0 0.569643 0.829524 0.010714 0.017143
0 0.748929 0.639524 0.015000 0.016190
0 0.753929 0.669524 0.013571 0.015238
0 0.759286 0.655238 0.014286 0.011429
1 0.975000 0.424286 0.050000 0.048571
1 0.989643 0.255714 0.020714 0.037143
1 0.983571 0.130476 0.032857 0.083810
1 0.943571 0.277143 0.070000 0.059048
1 0.761429 0.195714 0.057143 0.054286
1 0.897857 0.164286 0.042857 0.065714
1 0.873571 0.177619 0.041429 0.067619
1 0.862143 0.310000 0.060000 0.046667
0 0.839643 0.240476 0.013571 0.023810
0 0.597500 0.162857 0.010714 0.020952
0 0.591786 0.177619 0.007857 0.020000