1 0.387500 0.909048 0.046429 0.084762
1 0.432500 0.819048 0.045000 0.078095
1 0.659643 0.349048 0.039286 0.063810
1 0.696786 0.272381 0.037857 0.068571
1 0.256429 0.229048 0.045714 0.060000
1 0.357500 0.249524 0.052143 0.055238
1 0.471071 0.729524 0.039286 0.064762
1 0.375714 0.674286 0.040000 0.070476
1 0.502500 0.663333 0.037857 0.063810
1 0.411429 0.597619 0.040000 0.071429
1 0.441429 0.526190 0.038571 0.071429
1 0.537857 0.606190 0.038571 0.067619
1 0.621786 0.421905 0.037857 0.066667
1 0.531429 0.384762 0.050000 0.055238
1 0.631786 0.331429 0.036429 0.064762
1 0.395357 0.327619 0.050714 0.055238
1 0.316071 0.332857 0.046429 0.048571
1 0.319643 0.290476 0.050714 0.060952
1 0.244286 0.273810 0.048571 0.050476
1 0.201429 0.120476 0.051429 0.056190
1 0.043571 0.088571 0.058571 0.059048
1 0.145000 0.070476 0.054286 0.057143
1 0.100714 0.031905 0.048571 0.052381
1 0.010357 0.053810 0.020714 0.042857
1 0.830714 0.740952 0.055714 0.055238
0 0.150357 0.141429 0.016429 0.018095
0 0.238571 0.092381 0.014286 0.019048
0 0.201429 0.294762 0.014286 0.016190
0 0.385000 0.571429 0.008571 0.015238