1 0.269000 0.943000 0.067000 0.095333
1 0.200000 0.843667 0.063000 0.090000
1 0.028500 0.975333 0.057000 0.049333
1 0.025500 0.935333 0.051000 0.086667
1 0.156000 0.783000 0.043000 0.079333
0 0.190000 0.745333 0.014000 0.028000
0 0.237250 0.720000 0.018500 0.025333
0 0.243000 0.711667 0.018000 0.024667
1 0.236000 0.690000 0.053000 0.045333
1 0.137750 0.723667 0.076500 0.067333
1 0.322750 0.624667 0.059500 0.040000
0 0.454500 0.553000 0.008000 0.019333
0 0.448750 0.545667 0.007500 0.023333
0 0.457000 0.537667 0.007000 0.018000
0 0.466750 0.527333 0.008500 0.025333
1 0.087500 0.566333 0.059000 0.046000
1 0.160750 0.526000 0.054500 0.042667
1 0.244500 0.543000 0.054000 0.047333
1 0.473000 0.493000 0.040000 0.036667
1 0.504750 0.466333 0.044500 0.026000
1 0.542500 0.440000 0.030000 0.038667
1 0.477750 0.430333 0.035500 0.028667
1 0.411750 0.430333 0.037500 0.038000
1 0.484000 0.373667 0.030000 0.027333
0 0.615750 0.403667 0.008500 0.023333
0 0.619250 0.339667 0.005500 0.015333
1 0.637000 0.354333 0.038000 0.022000
1 0.652250 0.338667 0.032500 0.020000
1 0.638250 0.312333 0.024500 0.020667
0 0.596750 0.258333 0.005500 0.014000
1 0.682000 0.319667 0.032000 0.018000
1 0.694500 0.306333 0.033000 0.019333
1 0.702250 0.293333 0.032500 0.017333
1 0.659500 0.285333 0.023000 0.020000
1 0.588750 0.244667 0.024500 0.016000
1 0.716250 0.283667 0.029500 0.016667
1 0.736500 0.270333 0.024000 0.015333
1 0.769750 0.242667 0.022500 0.018667
1 0.809000 0.209333 0.018000 0.014667
1 0.506250 0.227667 0.010500 0.018000
1 0.493250 0.223667 0.010500 0.018000
1 0.478000 0.219000 0.010000 0.018000
1 0.465000 0.217000 0.011000 0.016667
1 0.442750 0.213000 0.010500 0.015333
1 0.622000 0.232000 0.018000 0.013333
1 0.616000 0.222333 0.023000 0.012667
1 0.603750 0.203667 0.021500 0.012667
1 0.632250 0.214667 0.023500 0.012000
1 0.641500 0.211667 0.023000 0.014000
1 0.647500 0.208667 0.021000 0.013333
1 0.664750 0.220333 0.017500 0.015333
1 0.693750 0.202667 0.015500 0.014667
1 0.666000 0.175000 0.018000 0.010000
1 0.716750 0.177000 0.013500 0.012667
1 0.738000 0.193667 0.014000 0.016667
1 0.701750 0.150000 0.018500 0.009333
1 0.764750 0.151667 0.018500 0.010000
0 0.768250 0.160667 0.003500 0.008000
0 0.690750 0.946667 0.013500 0.037333
1 0.836000 0.112000 0.009000 0.012000
1 0.870750 0.115000 0.009500 0.011333
1 0.887750 0.104000 0.009500 0.010667
1 0.871000 0.086000 0.009000 0.010667
1 0.233000 0.285667 0.029000 0.019333