1 0.123214 0.882857 0.056429 0.036190
1 0.153214 0.844762 0.065000 0.040000
1 0.356071 0.865238 0.055000 0.033333
1 0.810357 0.810952 0.059286 0.037143
1 0.884643 0.818571 0.055000 0.037143
1 0.967143 0.820000 0.060000 0.038095
1 0.512500 0.522857 0.025000 0.062857
1 0.558571 0.364762 0.022857 0.057143
0 0.453929 0.983333 0.006429 0.023810
0 0.468214 0.985238 0.007857 0.023810
0 0.724643 0.129524 0.010714 0.017143
0 0.767500 0.241905 0.009286 0.013333
0 0.472857 0.294762 0.008571 0.018095
0 0.517500 0.735714 0.007857 0.018095