0 0.075157 0.956401 0.016701 0.040816
1 0.593424 0.495362 0.017745 0.040816
1 0.503653 0.349258 0.029228 0.032468
1 0.517484 0.301948 0.013048 0.032468
0 0.538622 0.303803 0.005219 0.013915
1 0.550626 0.297774 0.012526 0.025974
1 0.546451 0.279221 0.013570 0.024119
1 0.490344 0.246289 0.019311 0.019481
1 0.536795 0.244434 0.012004 0.017625
1 0.521921 0.192022 0.008351 0.016698
0 0.509395 0.184137 0.003132 0.012059
1 0.507829 0.172078 0.010438 0.015770
1 0.493215 0.166976 0.008351 0.014842
1 0.486430 0.151670 0.018789 0.013915
1 0.566806 0.128015 0.014614 0.014842
0 0.489301 0.020872 0.001566 0.004638
0 0.495825 0.028757 0.001044 0.005566
1 0.709290 0.518089 0.039666 0.038033
1 0.689196 0.753711 0.057933 0.049165
0 0.980689 0.522727 0.009395 0.017625
0 0.985125 0.521336 0.006785 0.014842
0 0.884134 0.500464 0.006263 0.013915
0 0.888570 0.499536 0.006785 0.012059
0 0.883090 0.491651 0.007307 0.016698
0 0.810021 0.317718 0.006263 0.015770
0 0.793058 0.292208 0.005741 0.012987
0 0.783664 0.293599 0.005741 0.012059
1 0.742693 0.215677 0.018789 0.023191
0 0.723382 0.174861 0.004175 0.013915
0 0.701200 0.176716 0.003653 0.012059
0 0.700678 0.148423 0.002610 0.011132
0 0.664666 0.115955 0.002610 0.009276
0 0.639353 0.087662 0.002088 0.008349
0 0.635177 0.083488 0.003132 0.007421
0 0.579854 0.055659 0.002088 0.007421
1 0.598382 0.041744 0.005741 0.009276
1 0.573069 0.011132 0.009395 0.007421
1 0.572808 0.009276 0.007829 0.011132