1 0.704286 0.230964 0.037143 0.088832
1 0.458571 0.051396 0.038571 0.074873
1 0.217143 0.120558 0.045714 0.071066
1 0.191071 0.429569 0.062143 0.069797
1 0.184286 0.487310 0.065714 0.071066
1 0.181786 0.545051 0.067857 0.072335
1 0.191429 0.625635 0.071429 0.078680
1 0.534286 0.722081 0.062857 0.083756
1 0.577143 0.951142 0.037143 0.095178
1 0.659286 0.871827 0.067143 0.073604
1 0.675714 0.810914 0.065714 0.065990
1 0.719643 0.635152 0.057857 0.054569
1 0.729643 0.586929 0.057857 0.049492
1 0.766071 0.450508 0.055000 0.048223
1 0.820357 0.250635 0.030714 0.067259
1 0.639643 0.322335 0.032143 0.068528
1 0.546071 0.268401 0.033571 0.057107
1 0.171429 0.045051 0.035714 0.057107
1 0.288929 0.225254 0.049286 0.079949
0 0.323929 0.068528 0.009286 0.027919
0 0.355357 0.048223 0.009286 0.020305
0 0.352500 0.038706 0.010714 0.026650
1 0.119643 0.465102 0.040714 0.064721
0 0.793214 0.628173 0.010714 0.030457