1 0.492500 0.970476 0.022143 0.053333
1 0.612500 0.980000 0.025000 0.040000
1 0.602857 0.802857 0.020000 0.053333
1 0.572500 0.321905 0.012143 0.015238
1 0.576786 0.290000 0.010714 0.010476
1 0.579286 0.266190 0.010000 0.012381
1 0.591429 0.218095 0.008571 0.009524
1 0.590357 0.185714 0.009286 0.011429
1 0.603571 0.743810 0.017143 0.043810
1 0.601786 0.690000 0.015000 0.039048
1 0.598929 0.543810 0.012143 0.026667
1 0.543929 0.475238 0.012143 0.020952
1 0.701071 0.410000 0.020714 0.014286
0 0.528929 0.551905 0.007857 0.016190
0 0.492143 0.787143 0.008571 0.018095
1 0.888214 0.421905 0.029286 0.019048
1 0.921071 0.423810 0.029286 0.015238
1 0.957500 0.425714 0.030714 0.013333
1 0.808571 0.419524 0.030000 0.014286
1 0.988571 0.427143 0.022857 0.016190
1 0.729643 0.413333 0.025000 0.015238
1 0.766071 0.416667 0.025000 0.012381