1 0.586429 0.044286 0.032857 0.044762
1 0.596071 0.015238 0.022143 0.030476
1 0.671071 0.030000 0.025000 0.035238
1 0.662500 0.070000 0.032143 0.063810
1 0.719643 0.058095 0.027857 0.040000
1 0.699643 0.137143 0.032143 0.064762
1 0.805714 0.014762 0.024286 0.029524
1 0.856071 0.029524 0.025000 0.034286
1 0.814286 0.055238 0.025714 0.036190
1 0.787500 0.064286 0.029286 0.039048
1 0.826429 0.079524 0.034286 0.058095
1 0.846786 0.141905 0.040714 0.053333
0 0.671786 0.135714 0.010714 0.033333
1 0.657857 0.123333 0.032857 0.056190
1 0.653929 0.167143 0.035000 0.054286
1 0.648214 0.217143 0.037857 0.066667
0 0.521429 0.078095 0.007143 0.032381
0 0.516786 0.112381 0.006429 0.034286
0 0.443571 0.148571 0.011429 0.030476
1 0.517143 0.236667 0.051429 0.056190
1 0.471429 0.338095 0.058571 0.099048
0 0.322500 0.310000 0.013571 0.044762
0 0.200714 0.791905 0.034286 0.080952
0 0.215357 0.822381 0.032143 0.063810
0 0.176071 0.869048 0.032143 0.046667
1 0.078571 0.916190 0.157143 0.165714
1 0.247857 0.949048 0.120000 0.100000
1 0.585000 0.741429 0.084286 0.212381
1 0.967857 0.601429 0.064286 0.147619
1 0.884643 0.484762 0.079286 0.112381
1 0.945000 0.456667 0.082857 0.113333
1 0.909643 0.344762 0.065000 0.081905
1 0.875357 0.248095 0.053571 0.067619
1 0.827857 0.274762 0.051429 0.067619
1 0.857500 0.193333 0.045000 0.053333
1 0.607857 0.503333 0.050000 0.138095
1 0.636786 0.283333 0.045000 0.065714
1 0.628214 0.379048 0.053571 0.089524
1 0.682500 0.310476 0.043571 0.087619
0 0.723929 0.308095 0.016429 0.035238
0 0.725357 0.305714 0.019286 0.049524
1 0.906429 0.016190 0.048571 0.032381
0 0.959643 0.069524 0.009286 0.022857
0 0.978929 0.074762 0.013571 0.031429