1 0.189643 0.020305 0.016429 0.022843
1 0.257857 0.081218 0.020000 0.022843
1 0.196786 0.152919 0.016429 0.024112
1 0.280000 0.854061 0.024286 0.045685
1 0.354286 0.923223 0.020000 0.052030
1 0.400714 0.895305 0.017143 0.052030
1 0.384286 0.975888 0.018571 0.045685
1 0.428571 0.750000 0.017143 0.050761
1 0.394643 0.822970 0.016429 0.052030
1 0.413214 0.826777 0.016429 0.052030
1 0.443214 0.666244 0.017857 0.048223
1 0.533571 0.727157 0.025714 0.022843
1 0.571786 0.738579 0.025000 0.022843
1 0.619286 0.788071 0.027143 0.032995
0 0.883214 0.679569 0.005000 0.006345
0 0.862500 0.725888 0.003571 0.007614
0 0.870357 0.712563 0.003571 0.003807
1 0.843214 0.664975 0.025000 0.025381
1 0.928929 0.618655 0.025000 0.024112
1 0.976429 0.592005 0.021429 0.024112
1 0.880714 0.650381 0.025714 0.026650
1 0.955000 0.329315 0.022857 0.019036
1 0.986071 0.248096 0.020714 0.019036
1 0.943571 0.258249 0.020000 0.019036
1 0.978214 0.227157 0.022143 0.022843
1 0.948571 0.213832 0.020000 0.016497
1 0.920714 0.194162 0.020000 0.022843
1 0.869643 0.237944 0.020714 0.019036
1 0.785000 0.403553 0.021429 0.017766
1 0.902500 0.059010 0.020714 0.016497
1 0.792500 0.068528 0.017857 0.020305
1 0.900000 0.074873 0.020000 0.020305
1 0.897500 0.088832 0.020714 0.022843
1 0.816786 0.100254 0.010714 0.032995
1 0.749286 0.161168 0.018571 0.020305
1 0.768571 0.187183 0.015714 0.019036
1 0.716786 0.301396 0.022143 0.016497
1 0.662857 0.406726 0.025714 0.024112
1 0.701429 0.233503 0.021429 0.020305
1 0.631429 0.195431 0.022857 0.027919
1 0.583929 0.265228 0.023571 0.022843
1 0.543929 0.316624 0.020714 0.024112
1 0.573571 0.326142 0.021429 0.020305
0 0.590714 0.337563 0.005714 0.007614
1 0.612143 0.370558 0.020000 0.017766
1 0.601786 0.130711 0.020714 0.020305
1 0.547500 0.255711 0.020714 0.021574
1 0.474286 0.491751 0.015714 0.046954
1 0.487143 0.418147 0.014286 0.041878
1 0.504643 0.319797 0.015000 0.043147
1 0.544643 0.103426 0.012143 0.034264
1 0.450714 0.244924 0.017143 0.020305
1 0.406429 0.352792 0.021429 0.022843
1 0.478214 0.276650 0.013571 0.038071
1 0.523214 0.218909 0.012143 0.036802
1 0.524643 0.037437 0.012143 0.031726
1 0.492143 0.063452 0.020000 0.020305
1 0.491429 0.118655 0.020000 0.021574
1 0.466429 0.079949 0.020000 0.020305
1 0.467500 0.104695 0.016429 0.019036
1 0.470714 0.136421 0.020000 0.021574