1 0.075714 0.592640 0.038571 0.032995
1 0.160000 0.632614 0.045714 0.034264
1 0.194643 0.578046 0.043571 0.031726
0 0.246071 0.637690 0.009286 0.011421
1 0.412500 0.708122 0.046429 0.043147
1 0.461429 0.703680 0.047143 0.046954
1 0.365357 0.610406 0.045000 0.032995
1 0.394643 0.555838 0.037857 0.035533
1 0.491429 0.541878 0.042857 0.032995
1 0.527143 0.592005 0.042857 0.031726
1 0.580000 0.530457 0.045714 0.038071
1 0.750714 0.687817 0.022857 0.073604
1 0.779643 0.688452 0.020714 0.082487
1 0.806429 0.691624 0.025714 0.088832
1 0.860714 0.687817 0.024286 0.088832
1 0.889643 0.677030 0.025000 0.059645
1 0.944643 0.692259 0.029286 0.092640
1 0.971786 0.692893 0.026429 0.086294
1 0.992857 0.694797 0.014286 0.087563
1 0.653929 0.525381 0.040714 0.032995
1 0.681786 0.578046 0.052143 0.034264
1 0.735357 0.519036 0.042143 0.038071
1 0.800714 0.570431 0.052857 0.034264
1 0.892857 0.503173 0.048571 0.039340
1 0.963214 0.480330 0.052143 0.036802
1 0.788929 0.282995 0.049286 0.043147
1 0.600000 0.361041 0.047143 0.036802