1 0.536071 0.924762 0.076429 0.142857
1 0.482857 0.791429 0.060000 0.120000
1 0.438929 0.655238 0.067857 0.127619
0 0.671071 0.781429 0.015000 0.018095
0 0.646071 0.770476 0.020714 0.019048
0 0.650000 0.730476 0.024286 0.019048
0 0.665000 0.674762 0.015714 0.020000
1 0.565000 0.500952 0.091429 0.064762
1 0.562857 0.443810 0.097143 0.060952
1 0.374643 0.490476 0.072143 0.121905
0 0.367500 0.356667 0.015000 0.023810
1 0.361071 0.231429 0.092143 0.072381
1 0.224643 0.142381 0.050714 0.088571
1 0.288214 0.030952 0.057857 0.061905