1 0.062500 0.345178 0.035000 0.022843
1 0.101071 0.406091 0.033571 0.025381
1 0.214286 0.349619 0.032857 0.026650
0 0.272143 0.119924 0.004286 0.016497
1 0.355000 0.216371 0.014286 0.034264
1 0.398571 0.135152 0.014286 0.031726
0 0.393929 0.300761 0.005000 0.015228
1 0.461786 0.055203 0.015000 0.036802
1 0.493571 0.130076 0.014286 0.039340
1 0.443571 0.346447 0.014286 0.040609
1 0.497143 0.349619 0.014286 0.039340
1 0.381071 0.357868 0.036429 0.032995
1 0.321786 0.419416 0.033571 0.026650
1 0.491429 0.368655 0.031429 0.026650
1 0.454643 0.430203 0.033571 0.027919
1 0.989643 0.079315 0.017857 0.039340
1 0.953929 0.380076 0.033571 0.031726
1 0.870357 0.458756 0.035000 0.026650
1 0.669286 0.381345 0.034286 0.026650
1 0.591429 0.444162 0.034286 0.027919
1 0.745000 0.388325 0.034286 0.030457
1 0.707857 0.454315 0.037143 0.030457
1 0.528929 0.246827 0.012143 0.041878
1 0.610357 0.323604 0.010714 0.043147
1 0.552143 0.653553 0.014286 0.050761
1 0.333929 0.578046 0.016429 0.046954
1 0.432857 0.510787 0.012857 0.049492