1 0.015357 0.218909 0.016429 0.016497
1 0.007500 0.228426 0.013571 0.015228
1 0.035714 0.248096 0.015714 0.016497
1 0.056071 0.258883 0.015000 0.012690
1 0.090000 0.250635 0.014286 0.013959
1 0.056429 0.244924 0.022857 0.020305
1 0.023571 0.233503 0.012857 0.015228
1 0.037500 0.239848 0.015000 0.010152
1 0.078929 0.258883 0.013571 0.015228
1 0.074286 0.266497 0.015714 0.017766
1 0.257143 0.198604 0.010000 0.016497
1 0.288929 0.154822 0.012143 0.015228
1 0.289643 0.165609 0.013571 0.019036
1 0.175000 0.271574 0.012857 0.020305
1 0.155000 0.279188 0.015714 0.025381
1 0.259643 0.159898 0.012143 0.015228
1 0.211429 0.244289 0.011429 0.016497
1 0.227857 0.238579 0.012857 0.017766
0 0.225357 0.252538 0.003571 0.015228
1 0.038929 0.372462 0.017857 0.016497
1 0.020000 0.378173 0.017143 0.017766
1 0.010000 0.437817 0.018571 0.027919
1 0.363214 0.406091 0.016429 0.017766
1 0.242143 0.383883 0.014286 0.016497
1 0.203214 0.371827 0.017857 0.022843
1 0.040714 0.359772 0.020000 0.026650
1 0.027500 0.357868 0.022143 0.022843
1 0.014286 0.355964 0.017143 0.016497
0 0.351429 0.368655 0.004286 0.013959
0 0.150714 0.801396 0.005714 0.013959
0 0.207143 0.815355 0.004286 0.008883
1 0.292857 0.956218 0.030000 0.054569
0 0.298571 0.781091 0.004286 0.006345
0 0.267857 0.769670 0.005714 0.013959
0 0.157500 0.806472 0.003571 0.013959
0 0.170357 0.810279 0.003571 0.011421
1 0.420357 0.803934 0.025000 0.046954
1 0.495357 0.500000 0.019286 0.030457
0 0.447857 0.471447 0.004286 0.011421
1 0.599286 0.234772 0.014286 0.017766
1 0.570714 0.377538 0.012857 0.021574
1 0.615000 0.211929 0.014286 0.012690
1 0.618214 0.207487 0.013571 0.013959
1 0.622500 0.201777 0.013571 0.015228
1 0.625357 0.196066 0.012143 0.013959
1 0.629643 0.192893 0.013571 0.010152
1 0.632500 0.187817 0.015000 0.015228
1 0.636429 0.184010 0.011429 0.012690
1 0.637500 0.179569 0.013571 0.011421
1 0.642857 0.174492 0.012857 0.013959
1 0.648571 0.171320 0.008571 0.012690
1 0.638929 0.218274 0.007857 0.017766
1 0.655714 0.222081 0.010000 0.015228
1 0.654286 0.157995 0.014286 0.013959
1 0.668571 0.138959 0.012857 0.011421
1 0.672857 0.135152 0.014286 0.016497
1 0.587857 0.583756 0.020000 0.027919
1 0.582500 0.561548 0.013571 0.021574
1 0.608571 0.557107 0.018571 0.035533
1 0.621429 0.486675 0.014286 0.029188
1 0.623571 0.527919 0.012857 0.025381
1 0.768214 0.072335 0.012143 0.020305
1 0.765357 0.095812 0.007857 0.011421
1 0.830000 0.025381 0.008571 0.010152
1 0.890357 0.051396 0.009286 0.008883
1 0.980000 0.022843 0.011429 0.007614
1 0.970357 0.372462 0.016429 0.021574