1 0.012787 0.185065 0.025574 0.023191
1 0.078810 0.025974 0.008351 0.014842
0 0.007829 0.526902 0.004175 0.012987
1 0.930324 0.385436 0.019311 0.034323
1 0.965292 0.361781 0.023486 0.025974
1 0.593163 0.066327 0.016180 0.013915
1 0.607777 0.084416 0.015136 0.020408
0 0.753392 0.303803 0.005741 0.015770
1 0.719729 0.306586 0.026096 0.026902
1 0.742171 0.352041 0.026096 0.025046
1 0.690762 0.253247 0.015136 0.022263
0 0.996347 0.287106 0.006263 0.015770
1 0.694676 0.432746 0.028184 0.038033
1 0.677975 0.399351 0.014614 0.034323
0 0.689979 0.328386 0.006263 0.020408