1 0.719207 0.675788 0.053236 0.052876
1 0.571242 0.745826 0.052714 0.040816
1 0.500522 0.749072 0.053236 0.045455
1 0.659969 0.378942 0.044363 0.036178
1 0.625261 0.268089 0.037578 0.029685
1 0.605950 0.078386 0.034447 0.025046
1 0.570459 0.084416 0.029228 0.024119
1 0.551931 0.028293 0.021399 0.025046
1 0.562891 0.016234 0.019311 0.023191
1 0.613779 0.011132 0.026096 0.022263
1 0.507307 0.026438 0.027140 0.026902
0 0.512526 0.010668 0.003132 0.012059
0 0.520094 0.009740 0.004697 0.013915
1 0.339770 0.122913 0.032359 0.038033
1 0.337683 0.058905 0.028184 0.025046
1 0.342119 0.045918 0.021399 0.013915
1 0.315762 0.039425 0.029228 0.023191
0 0.270094 0.020408 0.007829 0.016698
1 0.237213 0.055659 0.026618 0.029685
1 0.023486 0.966605 0.046973 0.055659