0 0.836429 0.629048 0.011429 0.012381
0 0.835000 0.579048 0.011429 0.009524
1 0.782500 0.440000 0.030714 0.036190
1 0.779286 0.411429 0.037143 0.038095
1 0.775000 0.381429 0.037143 0.039048
1 0.773929 0.346190 0.033571 0.042857
1 0.767857 0.301429 0.034286 0.052381
1 0.814286 0.189524 0.022857 0.059048
1 0.772143 0.215714 0.034286 0.035238
1 0.776071 0.184762 0.037857 0.036190
1 0.770000 0.155238 0.030000 0.032381
1 0.857143 0.084762 0.037143 0.032381
1 0.848929 0.059524 0.042143 0.027619
1 0.603929 0.177143 0.040714 0.055238
1 0.766429 0.018095 0.022857 0.036190
1 0.535714 0.232381 0.044286 0.036190
0 0.499643 0.196190 0.009286 0.026667
1 0.412500 0.475238 0.046429 0.030476
1 0.410357 0.510000 0.049286 0.035238
1 0.405357 0.540952 0.046429 0.036190
1 0.510000 0.446190 0.022857 0.058095
1 0.507143 0.508571 0.022857 0.051429
1 0.406786 0.579524 0.052143 0.033333