1 0.253571 0.974619 0.034286 0.048223
1 0.522500 0.896574 0.030714 0.120558
1 0.381786 0.557741 0.026429 0.064721
1 0.175714 0.805203 0.038571 0.085025
1 0.144643 0.529188 0.035000 0.055838
1 0.300000 0.479695 0.025714 0.058376
1 0.292143 0.327411 0.055714 0.040609
1 0.748214 0.351523 0.055000 0.045685
1 0.856429 0.323604 0.057143 0.043147
1 0.863929 0.288706 0.050714 0.036802
1 0.496071 0.329949 0.052143 0.040609
1 0.332857 0.263325 0.050000 0.039340
1 0.984286 0.207487 0.028571 0.057107
0 0.887143 0.462563 0.007143 0.024112
1 0.080357 0.257614 0.050714 0.035533
1 0.501786 0.100254 0.016429 0.030457
1 0.536786 0.092005 0.016429 0.036802
1 0.429643 0.013325 0.020714 0.026650
1 0.503929 0.246827 0.017857 0.041878
0 0.712143 0.011421 0.004286 0.017766
0 0.714286 0.010787 0.002857 0.016497
0 0.721786 0.019036 0.003571 0.020305
0 0.720357 0.008883 0.002143 0.015228
1 0.676071 0.191624 0.015000 0.038071