1 0.876071 0.923858 0.030714 0.078680
1 0.853929 0.930838 0.022143 0.062183
1 0.797143 0.680203 0.021429 0.055838
1 0.784643 0.604695 0.019286 0.054569
1 0.692857 0.595812 0.018571 0.046954
1 0.656071 0.475254 0.016429 0.041878
1 0.770714 0.536168 0.022857 0.054569
1 0.752500 0.437183 0.016429 0.046954
1 0.730714 0.345178 0.018571 0.048223
1 0.696786 0.203680 0.017857 0.049492
1 0.741429 0.395305 0.017143 0.039340
0 0.811429 0.401015 0.005714 0.015228
0 0.823571 0.410533 0.005714 0.011421
0 0.522500 0.316624 0.003571 0.011421
0 0.621429 0.087563 0.004286 0.012690