1 0.098929 0.116117 0.019286 0.044416
1 0.085714 0.260152 0.038571 0.025381
0 0.060000 0.149746 0.008571 0.017766
1 0.175714 0.293147 0.044286 0.032995
1 0.218571 0.253807 0.037143 0.032995
1 0.126429 0.379442 0.040000 0.027919
1 0.232143 0.414340 0.040000 0.021574
1 0.343214 0.281091 0.036429 0.034264
1 0.325714 0.411802 0.032857 0.024112
1 0.319286 0.375635 0.035714 0.027919
1 0.373929 0.373096 0.037857 0.032995
1 0.382143 0.413706 0.037143 0.035533
1 0.245357 0.009518 0.013571 0.019036
1 0.295000 0.453680 0.038571 0.029188
0 0.903214 0.735406 0.012143 0.011421
0 0.856429 0.708756 0.007143 0.011421
0 0.934643 0.472716 0.007857 0.016497
0 0.842857 0.130076 0.007143 0.016497