1 0.181071 0.613579 0.037857 0.024112
1 0.303571 0.659898 0.032857 0.022843
1 0.425357 0.190990 0.009286 0.024112
1 0.435714 0.131980 0.007143 0.017766
1 0.415714 0.079949 0.005714 0.012690
1 0.518929 0.326777 0.015000 0.029188
1 0.471429 0.353426 0.011429 0.029188
1 0.447857 0.260787 0.011429 0.024112
1 0.538214 0.340102 0.016429 0.032995
1 0.527857 0.363579 0.012857 0.031726
1 0.387857 0.074873 0.008571 0.020305
1 0.551071 0.428934 0.013571 0.030457
1 0.592857 0.539975 0.012857 0.031726
1 0.604643 0.569162 0.019286 0.044416
0 0.450357 0.833756 0.005000 0.010152
1 0.755000 0.670051 0.028571 0.022843
1 0.672857 0.742386 0.024286 0.050761
1 0.734286 0.898477 0.028571 0.058376
1 0.701071 0.876904 0.027857 0.058376
1 0.727500 0.940990 0.026429 0.062183
1 0.757143 0.904188 0.024286 0.054569
1 0.767143 0.980330 0.025714 0.036802
1 0.787143 0.977157 0.021429 0.043147
1 0.806071 0.926396 0.029286 0.058376
1 0.795000 0.814721 0.031429 0.043147