1 0.227857 0.790609 0.015714 0.032995
1 0.246786 0.940355 0.016429 0.038071
1 0.282143 0.643401 0.014286 0.030457
1 0.314286 0.589467 0.014286 0.029188
1 0.339286 0.587563 0.012857 0.030457
1 0.335714 0.495558 0.014286 0.026650
1 0.358571 0.960660 0.011429 0.043147
1 0.370714 0.958122 0.014286 0.048223
1 0.415714 0.310279 0.012857 0.024112
1 0.338571 0.449873 0.011429 0.024112
1 0.399286 0.420685 0.010000 0.026650
0 0.491786 0.949873 0.003571 0.006345
1 0.392857 0.479061 0.014286 0.026650
1 0.487500 0.114213 0.009286 0.017766
1 0.550357 0.055203 0.009286 0.019036
1 0.589643 0.064721 0.007857 0.015228
1 0.785714 0.135152 0.010000 0.021574