1 0.911429 0.987143 0.064286 0.025714
1 0.849643 0.984286 0.067857 0.031429
0 0.218571 0.401429 0.005714 0.008571
0 0.263929 0.437143 0.006429 0.009524
0 0.315000 0.325238 0.002857 0.006667
1 0.350357 0.257143 0.010714 0.013333
1 0.268571 0.260476 0.012857 0.010476
1 0.273214 0.255238 0.012143 0.011429
1 0.292500 0.273810 0.006429 0.014286
1 0.259643 0.300476 0.019286 0.016190
1 0.221786 0.344286 0.016429 0.018095
1 0.225714 0.308095 0.020000 0.016190
1 0.236429 0.275238 0.012857 0.011429
1 0.253571 0.269524 0.014286 0.009524
1 0.073214 0.282381 0.017857 0.014286
1 0.098929 0.268571 0.016429 0.013333
1 0.111786 0.272381 0.015000 0.011429
1 0.303929 0.303810 0.016429 0.015238
1 0.281786 0.280000 0.010714 0.011429
1 0.257143 0.287143 0.011429 0.012381
1 0.224286 0.295714 0.008571 0.012381
1 0.235714 0.291905 0.008571 0.014286
1 0.246786 0.288095 0.009286 0.014286
1 0.260714 0.263810 0.014286 0.009524
1 0.229286 0.329524 0.015714 0.013333
1 0.210000 0.341905 0.018571 0.015238
1 0.211429 0.298571 0.007143 0.010476
1 0.244643 0.272857 0.015000 0.010476
1 0.896071 0.892857 0.043571 0.048571
1 0.840000 0.920952 0.052857 0.049524
1 0.740000 0.917143 0.051429 0.049524
1 0.637857 0.714286 0.037143 0.038095
1 0.593929 0.680476 0.023571 0.042857
1 0.445357 0.637619 0.029286 0.029524
1 0.370357 0.573333 0.026429 0.026667
1 0.306429 0.521429 0.022857 0.025714
1 0.213214 0.460952 0.020714 0.019048
1 0.328929 0.559048 0.023571 0.024762
1 0.457500 0.687619 0.035000 0.034286
1 0.541429 0.754762 0.035714 0.037143
0 0.585000 0.728571 0.005714 0.013333
1 0.505000 0.573810 0.031429 0.027619
1 0.191786 0.417619 0.019286 0.020000
1 0.274643 0.489048 0.020714 0.020000
1 0.415357 0.489048 0.015000 0.018095
0 0.203214 0.364762 0.005000 0.009524
0 0.105357 0.330000 0.005000 0.010476
0 0.148571 0.370952 0.004286 0.010476
1 0.056786 0.300952 0.015000 0.011429
1 0.038571 0.305238 0.012857 0.010476
1 0.155000 0.306190 0.015714 0.010476
1 0.092857 0.301429 0.018571 0.012381
1 0.065357 0.283333 0.015000 0.008571
1 0.072857 0.280952 0.017143 0.011429
1 0.076429 0.286190 0.017143 0.012381
1 0.085357 0.288571 0.015000 0.011429
1 0.086429 0.293333 0.018571 0.009524
1 0.095000 0.297619 0.017143 0.010476
1 0.127143 0.280476 0.017143 0.014286
1 0.133929 0.283810 0.016429 0.009524
1 0.138214 0.287619 0.017857 0.009524
1 0.143571 0.289048 0.018571 0.014286
1 0.147857 0.298095 0.020000 0.009524
0 0.145357 0.687143 0.005000 0.008571
0 0.230714 0.680952 0.004286 0.017143
0 0.152500 0.684286 0.005000 0.012381
0 0.192500 0.673333 0.007857 0.015238
1 0.791786 0.717619 0.019286 0.033333
1 0.802143 0.687143 0.020000 0.037143
1 0.795357 0.602381 0.020714 0.031429
0 0.739643 0.739524 0.007857 0.010476
0 0.802143 0.782857 0.005714 0.017143
0 0.820000 0.803810 0.007143 0.017143
0 0.881429 0.834762 0.011429 0.014286
0 0.313571 0.438095 0.005714 0.019048
1 0.401786 0.366190 0.016429 0.016190
1 0.105000 0.270952 0.015714 0.012381