1 0.038929 0.163333 0.077857 0.067619
1 0.095714 0.838571 0.045714 0.128571
1 0.191429 0.766190 0.070000 0.113333
1 0.236786 0.724286 0.066429 0.100000
0 0.305714 0.528571 0.014286 0.019048
1 0.398571 0.571429 0.067143 0.099048
1 0.457500 0.516190 0.047857 0.083810
1 0.927143 0.080000 0.060000 0.060952
1 0.875714 0.131429 0.060000 0.062857
1 0.831429 0.170952 0.062857 0.069524
1 0.797857 0.192381 0.061429 0.066667
1 0.784286 0.225238 0.047143 0.060000
1 0.710714 0.270952 0.055714 0.077143
1 0.676071 0.159048 0.059286 0.066667
1 0.750714 0.085714 0.054286 0.062857
0 0.745000 0.068095 0.011429 0.023810
0 0.855714 0.011905 0.015714 0.023810
0 0.851071 0.008095 0.010714 0.016190