1 0.342500 0.058095 0.059286 0.045714
1 0.342857 0.168095 0.064286 0.039048
0 0.382143 0.213333 0.011429 0.020952
1 0.470714 0.040000 0.027143 0.080000
0 0.421429 0.040476 0.008571 0.010476
1 0.572857 0.050000 0.025714 0.067619
1 0.578929 0.128095 0.025000 0.069524
1 0.576071 0.219524 0.025000 0.077143
1 0.581429 0.386667 0.027143 0.081905
1 0.396429 0.481429 0.025714 0.088571
1 0.492500 0.551429 0.025000 0.085714
1 0.589286 0.593810 0.030000 0.092381
1 0.449643 0.587619 0.023571 0.074286
1 0.590714 0.709048 0.025714 0.077143
1 0.401786 0.837143 0.036429 0.106667