1 0.487996 0.771800 0.025052 0.085343
1 0.492171 0.571892 0.020877 0.054731
1 0.713987 0.765306 0.030271 0.076067
1 0.816545 0.824675 0.061065 0.053803
1 0.886482 0.841373 0.068372 0.063080
1 0.866910 0.982375 0.075157 0.033395
1 0.693894 0.532004 0.017223 0.043599
1 0.718946 0.488868 0.034969 0.037106
0 0.691023 0.312616 0.004175 0.016698
1 0.558455 0.211039 0.010438 0.019481
1 0.544102 0.197588 0.010960 0.020408
1 0.556367 0.137291 0.008351 0.014842
1 0.556106 0.100649 0.006785 0.012059
1 0.549582 0.057514 0.006263 0.011132
1 0.558194 0.043135 0.006785 0.010204
1 0.552714 0.019017 0.005219 0.008349
1 0.636482 0.229128 0.012004 0.020408
1 0.631002 0.206401 0.009395 0.019481
1 0.626044 0.194341 0.010960 0.017625
1 0.619259 0.159091 0.008873 0.015770
1 0.616910 0.147959 0.014614 0.015770
1 0.614301 0.136827 0.009395 0.017625
0 0.401357 0.416512 0.003132 0.011132
0 0.429541 0.286178 0.003132 0.010204
0 0.438413 0.247217 0.003132 0.008349
0 0.636743 0.329777 0.004175 0.012059
0 0.586639 0.061688 0.002088 0.006494