1 0.550714 0.979695 0.027143 0.038071
1 0.204286 0.081218 0.025714 0.027919
0 0.234286 0.035533 0.005714 0.015228
1 0.183929 0.672589 0.025000 0.045685
1 0.228929 0.556472 0.016429 0.046954
1 0.450000 0.859772 0.017143 0.064721
1 0.436429 0.802030 0.027143 0.063452
1 0.526071 0.894036 0.023571 0.059645
1 0.495714 0.791244 0.022857 0.052030
1 0.480000 0.829949 0.022857 0.063452
1 0.445714 0.693528 0.021429 0.049492
1 0.424286 0.518401 0.018571 0.044416
1 0.624643 0.368020 0.025000 0.038071
1 0.603571 0.322335 0.024286 0.035533
0 0.672500 0.307107 0.003571 0.017766
0 0.676429 0.259518 0.004286 0.019036
1 0.678214 0.203680 0.025000 0.024112
1 0.563571 0.223350 0.022857 0.027919
1 0.515000 0.196701 0.025714 0.035533
1 0.452500 0.182107 0.027857 0.021574
1 0.467500 0.503807 0.016429 0.040609