1 0.066786 0.103426 0.016429 0.019036
1 0.087500 0.236675 0.022143 0.029188
1 0.164643 0.319162 0.022143 0.029188
1 0.937500 0.006345 0.007857 0.012690
1 0.941071 0.020305 0.007857 0.012690
1 0.983571 0.035533 0.010000 0.020305
1 0.923929 0.350888 0.012143 0.036802
1 0.938214 0.603426 0.013571 0.034264
1 0.946071 0.763325 0.016429 0.049492
1 0.858214 0.896574 0.042143 0.054569
0 0.885714 0.773477 0.005714 0.011421
0 0.782143 0.748731 0.005714 0.012690
1 0.646429 0.678934 0.035714 0.045685
1 0.405357 0.565990 0.027857 0.030457
0 0.568571 0.736675 0.005714 0.011421
0 0.564643 0.736041 0.006429 0.012690
1 0.392857 0.503173 0.024286 0.034264
1 0.378929 0.465736 0.023571 0.030457