1 0.035714 0.593909 0.040000 0.040609
1 0.086786 0.655457 0.042143 0.034264
1 0.080000 0.708756 0.042857 0.034264
1 0.077857 0.753807 0.047143 0.038071
1 0.206071 0.756345 0.037857 0.076142
1 0.238214 0.755076 0.037857 0.073604
1 0.274286 0.743020 0.041429 0.074873
1 0.307857 0.735406 0.035714 0.064721
1 0.338929 0.734137 0.037857 0.067259
1 0.374643 0.727157 0.039286 0.076142
1 0.929643 0.506345 0.046429 0.030457
1 0.971786 0.484137 0.043571 0.052030
1 0.959286 0.612944 0.042857 0.043147
1 0.936071 0.802665 0.043571 0.046954
1 0.710357 0.985406 0.040714 0.026650
1 0.845714 0.685279 0.040000 0.048223
1 0.810000 0.651650 0.042857 0.049492
1 0.754286 0.736675 0.044286 0.049492
1 0.726786 0.703046 0.042143 0.045685
1 0.665714 0.795051 0.044286 0.052030
1 0.491429 0.852157 0.042857 0.044416
1 0.516786 0.888959 0.039286 0.052030
1 0.453214 0.913706 0.039286 0.043147
1 0.442143 0.844543 0.042857 0.036802
1 0.489643 0.727792 0.023571 0.077411
1 0.511071 0.718909 0.023571 0.074873
1 0.534286 0.709391 0.024286 0.083756
1 0.580357 0.702411 0.022143 0.059645
1 0.601071 0.683376 0.025000 0.079949
1 0.646429 0.656726 0.024286 0.077411
1 0.669286 0.648477 0.024286 0.071066
1 0.692500 0.638325 0.022143 0.065990
1 0.399286 0.969543 0.044286 0.055838
1 0.343929 0.974619 0.043571 0.048223
1 0.216071 0.980330 0.046429 0.036802
1 0.143214 0.989213 0.033571 0.019036
0 0.189643 0.945431 0.010714 0.017766
1 0.240000 0.923223 0.045714 0.041878