1 0.642857 0.890476 0.045714 0.053333
1 0.667143 0.921905 0.042857 0.057143
1 0.561071 0.656190 0.030714 0.036190
1 0.590357 0.624286 0.027857 0.031429
1 0.607500 0.610952 0.027857 0.027619
1 0.580714 0.578571 0.030000 0.021905
1 0.440357 0.570000 0.030714 0.020000
1 0.401429 0.497619 0.028571 0.018095
1 0.395357 0.485238 0.026429 0.018095
1 0.383571 0.342857 0.015714 0.011429
1 0.391429 0.326667 0.007143 0.011429
1 0.297500 0.493333 0.012143 0.015238
1 0.386071 0.212381 0.005000 0.007619
1 0.321429 0.649048 0.040000 0.033333