1 0.833214 0.516497 0.075000 0.065990
1 0.958929 0.463832 0.073571 0.085025
1 0.763571 0.391497 0.030000 0.092640
1 0.725357 0.402284 0.033571 0.096447
1 0.688929 0.415609 0.032143 0.097716
1 0.643929 0.455584 0.037857 0.101523
1 0.914286 0.282995 0.050000 0.053299
1 0.631071 0.239848 0.030714 0.086294
1 0.593929 0.378807 0.036429 0.097716
1 0.632500 0.085660 0.029286 0.059645
1 0.510000 0.755711 0.052857 0.123096
1 0.319286 0.743655 0.071429 0.088832
1 0.065357 0.550127 0.043571 0.059645
1 0.308571 0.331853 0.040000 0.069797
1 0.382143 0.478426 0.054286 0.058376
0 0.007857 0.803934 0.014286 0.034264
0 0.692857 0.279822 0.008571 0.029188
0 0.668929 0.357234 0.007857 0.026650
0 0.817857 0.065355 0.007143 0.024112
0 0.826071 0.075508 0.007857 0.026650
0 0.732143 0.166878 0.008571 0.036802
0 0.725357 0.159898 0.009286 0.030457