1 0.258929 0.430838 0.022143 0.049492
1 0.518929 0.057741 0.009286 0.029188
1 0.536071 0.093274 0.010714 0.036802
1 0.540357 0.163706 0.012143 0.040609
1 0.540000 0.256345 0.012857 0.027919
1 0.545357 0.385787 0.012143 0.043147
1 0.523571 0.423858 0.012857 0.045685
1 0.551071 0.475888 0.016429 0.050761
0 0.806786 0.053299 0.005000 0.017766
1 0.598214 0.156726 0.010714 0.039340
1 0.645357 0.466371 0.016429 0.052030
1 0.747143 0.963832 0.027143 0.069797
1 0.521429 0.928934 0.017143 0.073604
1 0.574643 0.727792 0.016429 0.064721
1 0.544286 0.814086 0.015714 0.057107
1 0.546071 0.727792 0.019286 0.069797
1 0.511071 0.739848 0.015000 0.063452
1 0.323929 0.896574 0.023571 0.072335
1 0.346429 0.918147 0.030000 0.072335
1 0.368214 0.932741 0.026429 0.076142
1 0.411786 0.736041 0.029286 0.065990
1 0.420714 0.692259 0.027143 0.062183
1 0.426429 0.641497 0.028571 0.064721
1 0.432500 0.598985 0.022143 0.055838
1 0.447857 0.519036 0.027143 0.058376
1 0.440000 0.562183 0.024286 0.053299
1 0.475000 0.394036 0.030000 0.024112
1 0.477857 0.370558 0.030000 0.025381
1 0.478929 0.343274 0.032143 0.029188
1 0.486429 0.299492 0.021429 0.022843
1 0.482500 0.274112 0.029286 0.025381
1 0.482500 0.229695 0.029286 0.025381
1 0.485000 0.185279 0.024286 0.025381
1 0.484286 0.207487 0.027143 0.024112