1 0.410714 0.940990 0.024286 0.100254
1 0.414286 0.751904 0.021429 0.069797
1 0.486429 0.820431 0.027143 0.049492
1 0.528214 0.528553 0.032143 0.021574
1 0.487143 0.387056 0.015714 0.038071
1 0.463571 0.301396 0.014286 0.021574
1 0.463214 0.258883 0.012143 0.020305
1 0.508571 0.234137 0.012857 0.016497
1 0.480000 0.208756 0.011429 0.021574
1 0.550357 0.148477 0.007857 0.017766
1 0.499643 0.201777 0.012143 0.020305
1 0.520000 0.147208 0.011429 0.020305
1 0.528929 0.100254 0.009286 0.015228
1 0.532143 0.120558 0.011429 0.012690
1 0.551786 0.068528 0.007857 0.012690
1 0.575357 0.039340 0.009286 0.012690