1 0.378929 0.822335 0.036429 0.111675
1 0.332857 0.966371 0.045714 0.064721
1 0.514643 0.686548 0.033571 0.121827
1 0.341429 0.499365 0.032857 0.095178
1 0.531429 0.217005 0.025714 0.083756
1 0.563929 0.133249 0.023571 0.076142
1 0.877500 0.497462 0.040714 0.083756
1 0.829286 0.283629 0.035714 0.069797
1 0.790000 0.270305 0.031429 0.071066
1 0.766429 0.289975 0.024286 0.059645
1 0.710357 0.165609 0.023571 0.054569
1 0.781786 0.105964 0.023571 0.044416
1 0.722857 0.056472 0.022857 0.049492
1 0.683571 0.049492 0.032857 0.043147