1 0.021071 0.079315 0.013571 0.046954
1 0.007143 0.084391 0.014286 0.057107
1 0.039286 0.079315 0.014286 0.046954
1 0.066071 0.078680 0.022143 0.043147
1 0.321429 0.248731 0.032857 0.027919
1 0.242143 0.283629 0.038571 0.029188
1 0.301071 0.284898 0.036429 0.026650
1 0.287857 0.318528 0.042857 0.032995
1 0.364286 0.316624 0.037143 0.031726
1 0.364286 0.282995 0.037143 0.030457
0 0.236429 0.807107 0.011429 0.012690
0 0.443214 0.167513 0.006429 0.015228
1 0.566429 0.017132 0.012857 0.034264
1 0.611071 0.399112 0.039286 0.026650
0 0.661786 0.394036 0.009286 0.011421
1 0.700357 0.394670 0.036429 0.030457
1 0.716071 0.428934 0.032143 0.030457
1 0.676071 0.434645 0.037857 0.026650
1 0.675714 0.475888 0.042857 0.030457
1 0.752143 0.390228 0.041429 0.034264
1 0.766071 0.428934 0.039286 0.032995
1 0.827500 0.426396 0.037857 0.030457