0 0.154286 0.714467 0.004286 0.010152
0 0.178929 0.619289 0.003571 0.010152
0 0.112143 0.595812 0.002857 0.011421
0 0.299286 0.578680 0.002857 0.007614
1 0.027143 0.445431 0.018571 0.015228
0 0.251786 0.272843 0.002143 0.007614
1 0.398214 0.046954 0.002143 0.005076
1 0.387143 0.081218 0.007143 0.005076
1 0.391786 0.081218 0.005000 0.005076
1 0.398214 0.101523 0.002143 0.005076
1 0.403214 0.112310 0.003571 0.008883
1 0.403571 0.095178 0.002857 0.005076
1 0.403571 0.100888 0.002857 0.003807
1 0.408214 0.112310 0.003571 0.006345
1 0.405714 0.122462 0.002857 0.006345
1 0.406429 0.128173 0.002857 0.005076
1 0.396429 0.120558 0.002857 0.005076
1 0.391786 0.119924 0.002143 0.006345
1 0.392857 0.124365 0.002857 0.005076
1 0.401429 0.166878 0.002857 0.006345
1 0.403214 0.171954 0.003571 0.006345
1 0.410714 0.175127 0.004286 0.007614
1 0.395357 0.166878 0.003571 0.006345
1 0.397500 0.171320 0.003571 0.007614
1 0.399286 0.175761 0.004286 0.006345
1 0.401786 0.179569 0.003571 0.006345
1 0.404286 0.183376 0.004286 0.006345
1 0.407500 0.189086 0.003571 0.005076
1 0.427500 0.199239 0.005000 0.007614
1 0.438571 0.213198 0.005714 0.007614
1 0.448929 0.223985 0.006429 0.008883
1 0.461071 0.256345 0.006429 0.007614
1 0.474643 0.274112 0.006429 0.007614
1 0.226429 0.421954 0.012857 0.011421
1 0.226786 0.439086 0.012143 0.012690
1 0.167857 0.482868 0.008571 0.013959
1 0.175714 0.477792 0.007143 0.013959
1 0.190714 0.475254 0.008571 0.016497
1 0.198214 0.473985 0.006429 0.013959
1 0.241429 0.460660 0.011429 0.012690
1 0.262143 0.454315 0.010000 0.012690
1 0.271786 0.449239 0.010714 0.015228
1 0.282857 0.446066 0.011429 0.013959
1 0.292500 0.443528 0.010714 0.013959
1 0.251786 0.457487 0.010714 0.011421
1 0.311429 0.393401 0.011429 0.010152
1 0.331786 0.447970 0.013571 0.010152
1 0.330714 0.435279 0.014286 0.010152
1 0.331786 0.440355 0.012143 0.010152
1 0.374286 0.419416 0.008571 0.011421
1 0.445714 0.447335 0.011429 0.011421
1 0.460357 0.444162 0.012143 0.010152
1 0.583571 0.418147 0.010000 0.011421
1 0.622143 0.409898 0.011429 0.010152
1 0.603929 0.392132 0.012143 0.010152
1 0.568214 0.376904 0.010714 0.012690
1 0.522857 0.340102 0.008571 0.012690
1 0.575000 0.331218 0.010000 0.010152
0 0.559643 0.259518 0.023571 0.016497
0 0.561071 0.263325 0.020714 0.013959
1 0.558929 0.310914 0.009286 0.007614
1 0.607500 0.330584 0.010714 0.008883
1 0.616071 0.322970 0.009286 0.008883
1 0.588571 0.306472 0.010000 0.008883
1 0.612857 0.309010 0.011429 0.008883
1 0.652857 0.308376 0.011429 0.007614
1 0.656429 0.301396 0.010000 0.008883
0 0.596786 0.286168 0.002143 0.003807
0 0.719643 0.266497 0.002143 0.007614
1 0.633929 0.288706 0.010714 0.008883
1 0.644643 0.292513 0.010714 0.008883
1 0.680714 0.292513 0.008571 0.008883
1 0.689286 0.298858 0.010000 0.008883
1 0.859643 0.241751 0.009286 0.008883
1 0.875714 0.248096 0.011429 0.011421
1 0.904643 0.264594 0.010714 0.011421
1 0.911429 0.267766 0.010000 0.012690
1 0.937500 0.279188 0.010714 0.012690
1 0.885357 0.271574 0.009286 0.015228
1 0.922143 0.289975 0.011429 0.013959
1 0.948929 0.304569 0.013571 0.012690
1 0.952143 0.324873 0.012857 0.010152
1 0.931429 0.330584 0.014286 0.013959
1 0.908571 0.300761 0.011429 0.015228
1 0.869643 0.296320 0.012143 0.011421
1 0.848929 0.298858 0.012143 0.011421
1 0.853214 0.303299 0.013571 0.012690
1 0.856786 0.307107 0.009286 0.005076
1 0.861429 0.309010 0.007143 0.008883
1 0.868571 0.312183 0.007143 0.007614
1 0.926786 0.348350 0.009286 0.011421
1 0.938214 0.354695 0.009286 0.006345
1 0.932143 0.350254 0.007143 0.007614
1 0.960357 0.369924 0.010714 0.011421
1 0.957857 0.386421 0.011429 0.008883
1 0.951786 0.380711 0.012143 0.012690
1 0.931429 0.366117 0.012857 0.013959
1 0.936786 0.369924 0.010714 0.013959
1 0.941786 0.373096 0.007857 0.012690
1 0.795000 0.508883 0.015714 0.015228
1 0.827857 0.495558 0.017143 0.021574
1 0.862143 0.482234 0.017143 0.020305
1 0.846071 0.487944 0.013571 0.011421
1 0.913571 0.464467 0.014286 0.015228
1 0.921429 0.463198 0.018571 0.017766
1 0.954643 0.444162 0.015000 0.017766
1 0.988571 0.433376 0.015714 0.016497
1 0.964286 0.445431 0.015714 0.017766
0 0.885000 0.918147 0.004286 0.013959
1 0.872143 0.918147 0.021429 0.024112
1 0.973571 0.839467 0.024286 0.026650
1 0.941071 0.842640 0.020714 0.030457