1 0.734500 0.544333 0.160000 0.102000
1 0.790500 0.421000 0.133000 0.066000
1 0.925000 0.437333 0.136000 0.078667
1 0.633000 0.421667 0.117000 0.074000
0 0.449750 0.463000 0.018500 0.058000
0 0.416750 0.434667 0.016500 0.061333
1 0.507750 0.424333 0.107500 0.072667
0 0.121750 0.459667 0.021500 0.064667
1 0.323750 0.433333 0.108500 0.082667
0 0.372250 0.451333 0.014500 0.061333
0 0.370500 0.438333 0.024000 0.060667
0 0.312000 0.264333 0.014000 0.036667
0 0.182250 0.356000 0.025500 0.040000
1 0.369750 0.319333 0.047500 0.069333
1 0.418750 0.331333 0.048500 0.061333
1 0.474500 0.328333 0.038000 0.080667
1 0.529750 0.330667 0.046500 0.060000
1 0.591500 0.317333 0.048000 0.082667
1 0.651250 0.323000 0.042500 0.080667
1 0.717000 0.331667 0.059000 0.056667
0 0.774000 0.282333 0.015000 0.044667
1 0.825000 0.320000 0.068000 0.088000
1 0.878000 0.330333 0.064000 0.064667
1 0.926500 0.332000 0.070000 0.064000
1 0.972500 0.330333 0.055000 0.058000
1 0.957250 0.249333 0.066500 0.061333
1 0.865250 0.246000 0.046500 0.068000
0 0.884250 0.270667 0.018500 0.045333
1 0.626500 0.238667 0.031000 0.060000
0 0.517750 0.245333 0.013500 0.041333
0 0.368250 0.186667 0.008500 0.030667
0 0.385250 0.131333 0.008500 0.025333
1 0.413750 0.117333 0.046500 0.025333
1 0.437000 0.106667 0.035000 0.017333
1 0.461750 0.085000 0.031500 0.018000
1 0.464500 0.075333 0.033000 0.020000
1 0.478500 0.072333 0.030000 0.016667
1 0.488500 0.056333 0.036000 0.024667
1 0.503250 0.071667 0.017500 0.018000
1 0.501500 0.051667 0.031000 0.015333
1 0.507750 0.045000 0.024500 0.014000
1 0.516000 0.043000 0.030000 0.014000
1 0.516750 0.037667 0.026500 0.010000
1 0.516500 0.032667 0.026000 0.013333
1 0.534750 0.103000 0.032500 0.020667
1 0.526250 0.093333 0.022500 0.013333
1 0.570250 0.097333 0.050500 0.025333
1 0.578500 0.078000 0.035000 0.017333
1 0.552750 0.062667 0.015500 0.017333
1 0.535500 0.082000 0.020000 0.012000
1 0.570250 0.046333 0.015500 0.014000
1 0.577250 0.037333 0.011500 0.020000
1 0.589000 0.067333 0.027000 0.014667
1 0.585250 0.060667 0.026500 0.012000
1 0.592000 0.057333 0.019000 0.010667
1 0.594000 0.051333 0.031000 0.013333
1 0.597000 0.044000 0.025000 0.012000