1 0.579643 0.566624 0.032143 0.112944
1 0.469286 0.533629 0.025714 0.082487
1 0.450357 0.257614 0.019286 0.043147
1 0.481786 0.210660 0.017857 0.038071
1 0.557857 0.136421 0.018571 0.046954
1 0.488214 0.115482 0.016429 0.027919
1 0.460000 0.124365 0.018571 0.032995
1 0.456786 0.043782 0.015000 0.026650
1 0.682143 0.125000 0.030000 0.026650
1 0.341786 0.635152 0.039286 0.074873
1 0.389286 0.264594 0.018571 0.034264
1 0.041071 0.217005 0.029286 0.027919
1 0.021786 0.241751 0.027857 0.031726
1 0.181786 0.153553 0.027857 0.022843
1 0.297143 0.108503 0.015714 0.029188
1 0.281429 0.107868 0.014286 0.032995
1 0.257857 0.108503 0.012857 0.029188
1 0.238571 0.142132 0.028571 0.020305
1 0.249286 0.135152 0.018571 0.019036
1 0.244643 0.106599 0.015000 0.030457
1 0.232143 0.109772 0.012857 0.026650
1 0.220714 0.109137 0.017143 0.027919
1 0.181429 0.104061 0.018571 0.038071
1 0.197143 0.110406 0.018571 0.032995
1 0.208214 0.030457 0.022143 0.017766
1 0.152857 0.084391 0.015714 0.021574
1 0.137500 0.085025 0.015000 0.027919
1 0.123929 0.085025 0.015000 0.025381
1 0.110357 0.079949 0.016429 0.032995
1 0.100000 0.083756 0.014286 0.027919
1 0.116786 0.125000 0.019286 0.026650
1 0.148571 0.145939 0.028571 0.022843
1 0.067857 0.154188 0.014286 0.024112
1 0.087143 0.156726 0.027143 0.026650
1 0.070000 0.180203 0.022857 0.027919
1 0.024286 0.184645 0.021429 0.029188
1 0.053214 0.155457 0.012143 0.026650
1 0.038929 0.157995 0.013571 0.029188
1 0.063929 0.066624 0.013571 0.016497
1 0.111786 0.045051 0.015000 0.034264
1 0.121786 0.043782 0.013571 0.031726
1 0.027143 0.083122 0.012857 0.021574
1 0.099286 0.131345 0.011429 0.031726
1 0.085714 0.130711 0.011429 0.022843
1 0.074286 0.129442 0.011429 0.022843
1 0.128214 0.114213 0.015000 0.025381
1 0.165714 0.132614 0.028571 0.024112
1 0.025000 0.157360 0.011429 0.017766
1 0.010714 0.156091 0.012857 0.020305
1 0.047857 0.126269 0.012857 0.024112
1 0.031786 0.129442 0.012143 0.020305
1 0.016786 0.128807 0.012143 0.021574
1 0.005714 0.131345 0.008571 0.026650
1 0.090000 0.109772 0.018571 0.016497
1 0.072500 0.111675 0.012143 0.015228
1 0.061071 0.112944 0.010714 0.017766
1 0.047857 0.109772 0.014286 0.013959
1 0.022500 0.111041 0.020714 0.021574
1 0.075000 0.085660 0.015714 0.016497
1 0.061071 0.088832 0.015000 0.017766
1 0.043571 0.086294 0.015714 0.020305
1 0.089286 0.071701 0.011429 0.016497
1 0.076786 0.071066 0.012143 0.015228
1 0.365357 0.025381 0.022143 0.020305
0 0.247500 0.428934 0.006429 0.027919
0 0.252857 0.431472 0.007143 0.025381
1 0.325357 0.134518 0.030714 0.022843
1 0.806786 0.229061 0.026429 0.031726
0 0.718571 0.274112 0.004286 0.025381
1 0.720357 0.273477 0.036429 0.036802
0 0.720357 0.305838 0.007857 0.030457