0 0.227857 0.339048 0.011429 0.036190
0 0.341429 0.507619 0.011429 0.043810
0 0.332500 0.491429 0.009286 0.040000
0 0.454643 0.484286 0.012143 0.039048
0 0.464286 0.486190 0.008571 0.031429
0 0.473571 0.484286 0.011429 0.035238
1 0.487500 0.757619 0.085000 0.117143
1 0.500357 0.276190 0.030714 0.047619
1 0.480357 0.201905 0.022143 0.041905
1 0.287143 0.329048 0.035714 0.063810
1 0.310714 0.196190 0.024286 0.049524
1 0.318929 0.147619 0.020714 0.040000
0 0.468929 0.268095 0.009286 0.031429
0 0.463929 0.244762 0.010714 0.028571
0 0.447500 0.208095 0.006429 0.023810
0 0.466786 0.191905 0.006429 0.023810
1 0.475000 0.164762 0.020000 0.030476
0 0.452143 0.131905 0.007143 0.023810
0 0.489286 0.130476 0.005714 0.020952
1 0.467500 0.136667 0.017857 0.023810
1 0.458214 0.112381 0.017857 0.022857
0 0.345714 0.141905 0.005714 0.019048
1 0.323214 0.125714 0.020714 0.032381
1 0.324643 0.110000 0.017857 0.025714
1 0.330357 0.085238 0.017857 0.031429
1 0.335714 0.054762 0.014286 0.020000
1 0.344286 0.040000 0.012857 0.019048
0 0.332500 0.038571 0.005000 0.016190
0 0.357857 0.030000 0.004286 0.008571
1 0.403214 0.037143 0.013571 0.017143
0 0.438214 0.072381 0.006429 0.019048
1 0.474643 0.081429 0.032143 0.020000
1 0.463214 0.074762 0.026429 0.016190
1 0.459643 0.022381 0.030714 0.020000