1 0.316429 0.412857 0.025714 0.016190
1 0.315357 0.436667 0.029286 0.018095
1 0.520357 0.248571 0.012143 0.040000
1 0.457857 0.729524 0.011429 0.040000
1 0.456429 0.979524 0.020000 0.020000
1 0.547857 0.985714 0.011429 0.028571
1 0.447500 0.509048 0.023571 0.020000
1 0.419643 0.152381 0.019286 0.038095
1 0.651071 0.067143 0.015000 0.039048
1 0.669643 0.296190 0.012143 0.038095
1 0.651429 0.290952 0.011429 0.039048
1 0.745714 0.083810 0.014286 0.041905
1 0.835714 0.589048 0.028571 0.020000
1 0.847857 0.650476 0.024286 0.017143
1 0.851071 0.676667 0.027857 0.018095
1 0.851786 0.692381 0.023571 0.017143
1 0.844286 0.753333 0.030000 0.017143
1 0.773929 0.830952 0.016429 0.039048
1 0.895357 0.888095 0.029286 0.016190
1 0.924643 0.886190 0.027857 0.020000
1 0.798214 0.834286 0.012143 0.036190