1 0.158214 0.196066 0.013571 0.019036
1 0.172500 0.178934 0.013571 0.017766
1 0.168571 0.242386 0.014286 0.020305
1 0.196786 0.230964 0.020714 0.017766
1 0.183571 0.361041 0.017143 0.031726
1 0.237143 0.276650 0.018571 0.017766
1 0.239643 0.263325 0.016429 0.016497
1 0.268571 0.262056 0.020000 0.019036
1 0.326786 0.232868 0.020714 0.016497
1 0.275357 0.233503 0.020714 0.020305
1 0.322143 0.258883 0.017143 0.017766
1 0.310000 0.304569 0.022857 0.020305
1 0.203571 0.392766 0.021429 0.019036
1 0.197500 0.427665 0.019286 0.017766
1 0.209286 0.457487 0.018571 0.024112
1 0.233929 0.486041 0.019286 0.030457
0 0.226071 0.457487 0.003571 0.008883
0 0.230000 0.452411 0.004286 0.011421
1 0.317143 0.400381 0.021429 0.019036
1 0.305357 0.432107 0.017857 0.019036
0 0.219643 0.792513 0.005000 0.008883
0 0.215714 0.803299 0.002857 0.007614
0 0.216071 0.798223 0.003571 0.007614
0 0.306786 0.783629 0.003571 0.011421
0 0.341071 0.954315 0.005000 0.012690
0 0.346071 0.941624 0.005000 0.010152
0 0.350000 0.939086 0.004286 0.010152
1 0.295000 0.677665 0.017143 0.035533
1 0.445000 0.572970 0.010000 0.031726
0 0.416786 0.279188 0.002143 0.012690
0 0.423571 0.277284 0.002857 0.011421
0 0.433571 0.251904 0.002857 0.011421
0 0.435357 0.255076 0.002143 0.007614
0 0.436786 0.250635 0.002143 0.008883
1 0.467857 0.451142 0.010000 0.026650
0 0.551786 0.251904 0.002143 0.008883
1 0.527857 0.017132 0.007143 0.013959
1 0.525357 0.052665 0.006429 0.016497
1 0.485000 0.102792 0.015714 0.015228
1 0.507857 0.119924 0.007143 0.019036
1 0.500714 0.167513 0.008571 0.022843
1 0.487857 0.223350 0.010000 0.020305
1 0.499643 0.220812 0.009286 0.020305
0 0.491429 0.042513 0.001429 0.008883
1 0.005357 0.855330 0.010714 0.032995