1 0.582857 0.769524 0.028571 0.093333
1 0.641429 0.809048 0.028571 0.077143
1 0.450000 0.850476 0.037143 0.097143
1 0.597857 0.579524 0.022857 0.063810
1 0.576786 0.403333 0.019286 0.040952
1 0.691786 0.474286 0.050714 0.030476
1 0.876786 0.408095 0.050714 0.037143
1 0.521429 0.942381 0.038571 0.115238
0 0.346786 0.766667 0.006429 0.022857
0 0.296786 0.892381 0.010714 0.024762
0 0.313214 0.904762 0.010714 0.024762
0 0.346071 0.944286 0.012143 0.021905
0 0.395000 0.971905 0.010000 0.021905
1 0.465000 0.766667 0.032857 0.074286
1 0.486429 0.625238 0.024286 0.067619
1 0.501071 0.528095 0.026429 0.054286
1 0.512143 0.442381 0.021429 0.048571
1 0.523929 0.379524 0.020714 0.044762
1 0.529643 0.337143 0.017857 0.038095
0 0.447500 0.463333 0.005000 0.021905
0 0.440000 0.460952 0.008571 0.020952
0 0.489286 0.406190 0.002857 0.008571
1 0.501786 0.270476 0.019286 0.036190
1 0.540714 0.270952 0.018571 0.037143
1 0.543571 0.241429 0.015714 0.025714
1 0.547857 0.214286 0.015714 0.030476
1 0.552143 0.185714 0.014286 0.026667
1 0.557143 0.161905 0.012857 0.024762
1 0.558571 0.144286 0.012857 0.020000
1 0.562500 0.130000 0.013571 0.023810
1 0.565357 0.108095 0.012143 0.023810
1 0.573571 0.064286 0.011429 0.018095
1 0.547500 0.031905 0.010714 0.020000
1 0.559643 0.006667 0.015000 0.013333
1 0.577500 0.029524 0.009286 0.015238
1 0.576071 0.042381 0.009286 0.014286
1 0.573571 0.053333 0.010000 0.015238
1 0.571071 0.081905 0.012143 0.019048
1 0.581071 0.006667 0.010714 0.013333
0 0.529286 0.013333 0.002857 0.009524
0 0.518214 0.039048 0.003571 0.009524
0 0.526786 0.142381 0.005000 0.014286
0 0.517857 0.139524 0.004286 0.014286
0 0.513929 0.139048 0.003571 0.013333
0 0.504643 0.144762 0.005000 0.017143
0 0.499286 0.146190 0.004286 0.014286
0 0.479286 0.238095 0.002857 0.011429
1 0.641786 0.708095 0.025000 0.060000
1 0.640000 0.630000 0.025714 0.065714
1 0.708929 0.549524 0.055000 0.034286
1 0.641429 0.435238 0.021429 0.047619
1 0.668571 0.439524 0.020000 0.040952
1 0.606071 0.250952 0.016429 0.031429
1 0.641071 0.316667 0.017857 0.031429
1 0.641786 0.288095 0.017857 0.029524
1 0.640714 0.214762 0.014286 0.023810
1 0.640714 0.191905 0.014286 0.023810
1 0.640357 0.144762 0.012143 0.019048
1 0.640714 0.121905 0.012857 0.019048
1 0.640000 0.101905 0.011429 0.017143
1 0.639643 0.084762 0.010714 0.019048
1 0.639643 0.069524 0.009286 0.013333
1 0.640000 0.053333 0.011429 0.015238
1 0.671786 0.039524 0.009286 0.016190
1 0.641786 0.015714 0.009286 0.010476
1 0.642143 0.004762 0.010000 0.009524
1 0.616071 0.002381 0.009286 0.004762
1 0.666786 0.004762 0.010714 0.009524
0 0.683929 0.009524 0.003571 0.011429
0 0.712143 0.054762 0.002857 0.010476
0 0.720714 0.046190 0.001429 0.010476
1 0.729286 0.363810 0.047143 0.026667
1 0.752143 0.446667 0.024286 0.047619
0 0.745714 0.810000 0.008571 0.025714
0 0.751786 0.808095 0.003571 0.014286
0 0.697143 0.283333 0.005714 0.018095
0 0.700714 0.154762 0.004286 0.014286
0 0.695714 0.154762 0.004286 0.016190
0 0.706429 0.137619 0.002857 0.006667
0 0.727143 0.128095 0.001429 0.008571
0 0.715714 0.277619 0.007143 0.020000
0 0.732500 0.311429 0.006429 0.017143
0 0.755000 0.332857 0.007143 0.020000
0 0.708929 0.340952 0.005000 0.015238
0 0.775357 0.284762 0.005000 0.011429
1 0.775714 0.403333 0.050000 0.029524
1 0.914286 0.393810 0.045714 0.027619
1 0.935714 0.380476 0.050000 0.027619
1 0.978214 0.426667 0.032143 0.038095
0 0.888571 0.789048 0.010000 0.021905
0 0.889643 0.820000 0.013571 0.024762
0 0.897500 0.823810 0.010714 0.028571
0 0.874643 0.777619 0.006429 0.012381
0 0.625000 0.072381 0.002857 0.005714
0 0.530357 0.042857 0.003571 0.005714
0 0.701786 0.331905 0.005000 0.010476
0 0.694286 0.361905 0.004286 0.015238