0 0.119643 0.256980 0.003571 0.011421
0 0.121786 0.255076 0.003571 0.012690
0 0.133214 0.271574 0.003571 0.015228
1 0.031429 0.429569 0.022857 0.024112
1 0.060714 0.496827 0.018571 0.039340
1 0.062857 0.454949 0.015714 0.029188
1 0.056786 0.548223 0.019286 0.038071
1 0.057500 0.597716 0.022143 0.038071
1 0.012143 0.812817 0.024286 0.064721
1 0.316071 0.859772 0.022143 0.069797
1 0.386071 0.893401 0.022143 0.068528
1 0.551786 0.787437 0.019286 0.067259
1 0.519643 0.894036 0.023571 0.077411
1 0.593571 0.829315 0.021429 0.074873
1 0.557500 0.890228 0.023571 0.074873
1 0.466786 0.599619 0.019286 0.044416
1 0.504286 0.499365 0.014286 0.041878
1 0.623571 0.548223 0.018571 0.055838
1 0.747857 0.560914 0.017143 0.045685
1 0.847857 0.802665 0.027143 0.059645
1 0.811429 0.781091 0.027143 0.059645
1 0.782857 0.768401 0.025714 0.067259
1 0.784643 0.951777 0.055000 0.081218
1 0.777500 0.981599 0.043571 0.034264
0 0.938214 0.605330 0.006429 0.022843
0 0.891429 0.486675 0.007143 0.011421
0 0.894286 0.482234 0.005714 0.020305
0 0.893571 0.465102 0.007143 0.019036
1 0.933929 0.411802 0.023571 0.041878
0 0.607857 0.382614 0.004286 0.013959
1 0.475714 0.396574 0.014286 0.026650
1 0.490714 0.321066 0.014286 0.020305
1 0.505714 0.388325 0.014286 0.035533
1 0.642500 0.329949 0.012143 0.027919
1 0.602857 0.265863 0.011429 0.024112
1 0.471429 0.302030 0.014286 0.022843
1 0.509643 0.267132 0.012143 0.021574
1 0.626429 0.269036 0.012857 0.017766
1 0.650714 0.260152 0.010000 0.022843
1 0.312857 0.430203 0.015714 0.027919
1 0.580357 0.260152 0.013571 0.020305
1 0.556071 0.258883 0.013571 0.022843
1 0.200000 0.148477 0.020000 0.012690
1 0.224643 0.159264 0.023571 0.013959
1 0.286786 0.148477 0.022143 0.015228
1 0.478571 0.174492 0.022857 0.019036
1 0.620714 0.190355 0.025714 0.017766
1 0.714643 0.185279 0.025000 0.022843
1 0.637143 0.177030 0.021429 0.016497
1 0.815000 0.107868 0.007143 0.015228
1 0.810357 0.067259 0.006429 0.010152
1 0.919286 0.091371 0.011429 0.012690
1 0.929643 0.116117 0.012143 0.013959
1 0.941429 0.193528 0.021429 0.019036
1 0.978214 0.228426 0.032143 0.020305
1 0.513929 0.140228 0.015000 0.016497
1 0.573571 0.104695 0.011429 0.011421
1 0.547857 0.164975 0.012857 0.015228
1 0.621786 0.123096 0.010714 0.015228
1 0.592143 0.154188 0.011429 0.013959
1 0.570357 0.160533 0.010714 0.013959
1 0.650714 0.057107 0.008571 0.012690
1 0.641071 0.072970 0.007857 0.008883
1 0.623214 0.078046 0.007857 0.008883
0 0.486786 0.111041 0.002143 0.008883