0 0.331942 0.936456 0.010438 0.030612
1 0.451461 0.849722 0.045929 0.090909
1 0.329593 0.866883 0.053758 0.097403
1 0.391180 0.737477 0.040188 0.081633
1 0.417276 0.674861 0.034969 0.076994
0 0.496608 0.614564 0.007829 0.021336
1 0.559760 0.531540 0.024530 0.051948
0 0.431367 0.484230 0.006785 0.025974
0 0.362996 0.501391 0.006785 0.025046
0 0.441806 0.514842 0.006785 0.027829
1 0.582463 0.350649 0.020877 0.035250
1 0.556889 0.349258 0.020877 0.038033
1 0.586378 0.280148 0.021399 0.031540
0 0.641180 0.174861 0.003653 0.017625
1 0.631002 0.152134 0.015658 0.016698
1 0.643789 0.107607 0.008873 0.022263
1 0.648225 0.074212 0.008351 0.014842
1 0.651879 0.066327 0.007307 0.013915
0 0.663622 0.038961 0.002610 0.009276