1 0.137143 0.281091 0.034286 0.062183
1 0.172500 0.189086 0.030714 0.058376
1 0.202500 0.104695 0.026429 0.057107
1 0.232857 0.017132 0.024286 0.034264
1 0.478929 0.165609 0.022143 0.049492
1 0.565357 0.115482 0.023571 0.053299
1 0.669643 0.034898 0.029286 0.057107
0 0.683214 0.070431 0.007857 0.021574
1 0.587143 0.124365 0.025714 0.055838
1 0.615357 0.132614 0.027857 0.057107
1 0.569286 0.204949 0.024286 0.062183
1 0.532143 0.205584 0.028571 0.060914
1 0.503929 0.284264 0.025000 0.055838
1 0.531786 0.277919 0.027857 0.053299
1 0.463571 0.383883 0.028571 0.064721
1 0.502857 0.434645 0.030000 0.057107
1 0.851429 0.046954 0.031429 0.048223
1 0.810357 0.319797 0.029286 0.048223
0 0.819643 0.335660 0.009286 0.016497
1 0.757857 0.326142 0.031429 0.048223
1 0.733571 0.259518 0.034286 0.054569
1 0.747143 0.289340 0.031429 0.050761
1 0.352857 0.887056 0.028571 0.048223
1 0.366429 0.857868 0.032857 0.050761
1 0.381071 0.829949 0.035000 0.055838
1 0.404643 0.769670 0.033571 0.054569
1 0.415357 0.733503 0.026429 0.045685
1 0.443929 0.685279 0.035000 0.055838
1 0.457500 0.659264 0.032143 0.052030
1 0.470000 0.631345 0.032857 0.052030
1 0.650000 0.367386 0.017143 0.062183
1 0.630357 0.394036 0.017857 0.062183
1 0.610000 0.432107 0.018571 0.067259
1 0.590357 0.468909 0.017857 0.057107
1 0.547857 0.529188 0.017143 0.065990
1 0.569643 0.494924 0.016429 0.060914
1 0.449286 0.462563 0.030000 0.059645
1 0.456071 0.517766 0.030714 0.063452
1 0.411429 0.534264 0.028571 0.063452
1 0.362143 0.661802 0.028571 0.059645
1 0.326429 0.753807 0.031429 0.068528
1 0.278929 0.871193 0.029286 0.064721
1 0.323214 0.838832 0.029286 0.063452
1 0.158214 0.854061 0.030714 0.058376
1 0.197143 0.831218 0.030000 0.058376
0 0.005000 0.462563 0.010000 0.008883