1 0.148571 0.726667 0.065714 0.133333
1 0.086786 0.692857 0.077857 0.164762
1 0.118214 0.538571 0.069286 0.136190
0 0.170714 0.554286 0.022857 0.038095
0 0.547500 0.492381 0.016429 0.036190
0 0.557857 0.458571 0.014286 0.033333
1 0.456429 0.855238 0.055714 0.160000
1 0.457500 0.599524 0.052143 0.140000
1 0.451786 0.356190 0.045000 0.112381
1 0.458929 0.240952 0.042143 0.095238
1 0.405714 0.245238 0.040000 0.088571
1 0.445714 0.141429 0.048571 0.071429
0 0.373571 0.629048 0.017143 0.029524
0 0.642500 0.771429 0.016429 0.032381
0 0.528214 0.500476 0.015000 0.037143
0 0.373571 0.190476 0.014286 0.040000
0 0.225000 0.127619 0.017143 0.038095
1 0.250000 0.013333 0.074286 0.026667