1 0.563571 0.662857 0.062857 0.118095
1 0.496786 0.559048 0.062143 0.118095
1 0.591429 0.285238 0.048571 0.077143
1 0.806429 0.184286 0.035714 0.061905
1 0.675000 0.120000 0.037143 0.060952
1 0.610357 0.099524 0.036429 0.048571
1 0.582857 0.149048 0.040000 0.048571
1 0.529643 0.243333 0.047857 0.067619
1 0.791071 0.101905 0.030714 0.040000
0 0.586786 0.203810 0.012143 0.026667
0 0.912857 0.207619 0.018571 0.022857
1 0.780357 0.029524 0.049286 0.036190
1 0.722143 0.021429 0.028571 0.042857
0 0.847143 0.109524 0.014286 0.034286
1 0.955714 0.957619 0.088571 0.084762
1 0.978214 0.762857 0.043571 0.129524
0 0.315000 0.755238 0.027143 0.024762