1 0.555714 0.560279 0.021429 0.059645
1 0.420000 0.555838 0.022857 0.055838
1 0.130714 0.852157 0.082857 0.128173
1 0.043214 0.889594 0.086429 0.152284
1 0.291786 0.587563 0.053571 0.081218
1 0.286786 0.519036 0.053571 0.076142
1 0.409286 0.351523 0.035714 0.065990
1 0.356429 0.314721 0.028571 0.038071
1 0.463571 0.211294 0.021429 0.046954
1 0.428929 0.238579 0.029286 0.048223
1 0.416786 0.155457 0.017857 0.029188
1 0.465714 0.085660 0.018571 0.039340
1 0.490357 0.031091 0.013571 0.026650
1 0.436429 0.057741 0.012857 0.024112
1 0.465357 0.014594 0.012143 0.024112
1 0.421429 0.020939 0.012857 0.024112
1 0.439643 0.017132 0.012143 0.019036
1 0.657857 0.182741 0.015714 0.025381
1 0.735357 0.112944 0.023571 0.020305
1 0.809643 0.111041 0.022143 0.016497
1 0.794643 0.090736 0.016429 0.021574
1 0.837500 0.114848 0.019286 0.011421
1 0.827857 0.104695 0.014286 0.016497
1 0.819643 0.092640 0.020714 0.015228
1 0.811429 0.076777 0.025714 0.021574
1 0.734643 0.074239 0.013571 0.019036
1 0.720000 0.090102 0.021429 0.020305
1 0.697857 0.109772 0.024286 0.024112
1 0.683214 0.126269 0.022143 0.021574
1 0.688571 0.118020 0.022857 0.025381
1 0.630357 0.057107 0.016429 0.017766
1 0.588214 0.079315 0.017857 0.024112
1 0.587500 0.050761 0.013571 0.020305
1 0.366429 0.048858 0.011429 0.021574
1 0.523214 0.081853 0.012143 0.026650
1 0.502143 0.265863 0.017143 0.044416
1 0.531071 0.153553 0.012143 0.032995
1 0.025714 0.536802 0.041429 0.055838
1 0.020357 0.526650 0.037857 0.063452
1 0.188571 0.864213 0.034286 0.101523
0 0.299643 0.767132 0.012143 0.026650
0 0.302857 0.873096 0.011429 0.027919
0 0.321429 0.906726 0.010000 0.029188
0 0.313929 0.918782 0.006429 0.020305
0 0.310000 0.904188 0.011429 0.029188
0 0.261071 0.973350 0.015000 0.035533
1 0.125000 0.145939 0.030000 0.022843
1 0.120000 0.134518 0.030000 0.025381
1 0.113214 0.154822 0.022143 0.022843
1 0.100000 0.169416 0.028571 0.029188
1 0.069643 0.138959 0.026429 0.021574
1 0.061071 0.130711 0.033571 0.025381
1 0.113571 0.117386 0.024286 0.021574
1 0.136429 0.109137 0.024286 0.017766
1 0.126071 0.100888 0.023571 0.019036
1 0.160714 0.081853 0.021429 0.024112
1 0.154643 0.081218 0.025000 0.027919