0 0.620000 0.277619 0.008571 0.031429
0 0.619643 0.422381 0.009286 0.025714
1 0.675714 0.490476 0.048571 0.076190
0 0.889643 0.622857 0.015000 0.030476
1 0.760000 0.742857 0.062857 0.127619
1 0.855000 0.839048 0.045714 0.032381
1 0.629643 0.235714 0.063571 0.044762
1 0.576786 0.202381 0.042143 0.061905
0 0.540357 0.191905 0.005000 0.016190
1 0.558571 0.154762 0.031429 0.042857
1 0.437500 0.493333 0.083571 0.055238
1 0.169286 0.388095 0.038571 0.082857
1 0.166429 0.471429 0.041429 0.087619
1 0.149286 0.761429 0.045714 0.147619