1 0.510000 0.892857 0.274286 0.172381
1 0.507143 0.740952 0.220000 0.146667
1 0.501786 0.613333 0.195000 0.123810
1 0.500714 0.525238 0.178571 0.088571
1 0.493929 0.444286 0.139286 0.077143
1 0.500000 0.383333 0.142857 0.079048
1 0.499286 0.326667 0.125714 0.072381
1 0.497500 0.288095 0.122143 0.067619
1 0.494286 0.213810 0.105714 0.056190
1 0.492500 0.186190 0.097857 0.046667
1 0.498571 0.155714 0.100000 0.048571
1 0.495000 0.131429 0.091429 0.038095
1 0.496071 0.106190 0.080714 0.033333
1 0.495357 0.091905 0.076429 0.033333
1 0.495714 0.054762 0.080000 0.031429
1 0.491786 0.068571 0.066429 0.043810
1 0.489643 0.035238 0.073571 0.019048
1 0.496071 0.023810 0.065000 0.040000
0 0.549286 0.118095 0.014286 0.041905
0 0.589286 0.176667 0.021429 0.058095
0 0.593571 0.070000 0.012857 0.046667
0 0.615000 0.409048 0.020000 0.067619
0 0.638214 0.302381 0.022143 0.069524
0 0.426786 0.014286 0.012143 0.028571
0 0.416071 0.014762 0.010714 0.029524
0 0.747500 0.466190 0.026429 0.061905
0 0.751429 0.456190 0.024286 0.057143
1 0.672500 0.129524 0.065000 0.038095
1 0.666429 0.093333 0.072857 0.040000