1 0.135357 0.945714 0.099286 0.104762
1 0.940000 0.926667 0.117143 0.146667
1 0.238571 0.521429 0.074286 0.120952
1 0.430000 0.437619 0.111429 0.096190
0 0.735000 0.564286 0.018571 0.042857
0 0.698214 0.539048 0.026429 0.040000
1 0.814286 0.388571 0.080000 0.118095
0 0.913929 0.403333 0.030714 0.052381
0 0.926071 0.417619 0.033571 0.050476
1 0.541429 0.370476 0.045714 0.114286
1 0.267857 0.355238 0.067143 0.110476
1 0.289643 0.200476 0.047857 0.090476
1 0.333929 0.053810 0.037857 0.058095
1 0.445000 0.213333 0.091429 0.068571
1 0.450357 0.164286 0.085000 0.063810
1 0.449286 0.080000 0.081429 0.072381
1 0.452143 0.045238 0.070000 0.052381
0 0.627500 0.282381 0.012143 0.046667
1 0.735357 0.246190 0.056429 0.100000
1 0.655714 0.266667 0.097143 0.078095
1 0.647857 0.213333 0.091429 0.070476
1 0.638929 0.170952 0.082143 0.073333
1 0.633929 0.093333 0.063571 0.070476
1 0.722857 0.131905 0.060000 0.086667
1 0.763214 0.124762 0.060714 0.089524
0 0.817143 0.130476 0.017143 0.045714
0 0.805357 0.119524 0.016429 0.042857
0 0.793929 0.108571 0.016429 0.043810
1 0.900714 0.251905 0.092857 0.092381