1 0.207857 0.692857 0.061429 0.180000
1 0.212857 0.296190 0.044286 0.127619
1 0.110000 0.247619 0.050000 0.106667
1 0.057143 0.595238 0.064286 0.135238
1 0.620714 0.390000 0.097143 0.050476
1 0.661071 0.719048 0.116429 0.070476
1 0.629286 0.510000 0.097143 0.052381
1 0.623929 0.443810 0.095000 0.057143
1 0.679643 0.876667 0.113571 0.080952
1 0.670357 0.803333 0.115000 0.077143
1 0.655714 0.638095 0.098571 0.070476
1 0.641429 0.572857 0.097143 0.058095
1 0.611071 0.331905 0.077857 0.060000
1 0.027500 0.840476 0.055000 0.168571
1 0.287857 0.947143 0.052857 0.094286
1 0.121786 0.120952 0.045000 0.108571
1 0.580714 0.066190 0.075714 0.061905
1 0.575000 0.020476 0.075714 0.040952
0 0.399643 0.074762 0.007857 0.023810
0 0.425000 0.073333 0.012857 0.032381
0 0.677500 0.220000 0.015000 0.036190
0 0.687857 0.233810 0.008571 0.018095
0 0.705714 0.226190 0.011429 0.037143
0 0.638571 0.126190 0.014286 0.027619
0 0.786429 0.734286 0.022857 0.022857
0 0.565357 0.864762 0.012143 0.030476
0 0.798214 0.555714 0.015000 0.016190
1 0.692143 0.963333 0.121429 0.073333
1 0.085000 0.382857 0.067143 0.123810