1 0.310714 0.764762 0.141429 0.068571
1 0.248929 0.600000 0.119286 0.057143
1 0.468214 0.360952 0.043571 0.129524
1 0.358214 0.353810 0.102143 0.058095
1 0.373571 0.299524 0.090000 0.050476
1 0.392500 0.129048 0.072143 0.039048
1 0.377143 0.218095 0.080000 0.036190
1 0.569643 0.012381 0.022143 0.024762
1 0.716786 0.173810 0.087857 0.054286
1 0.728929 0.069048 0.029286 0.052381
1 0.882857 0.799524 0.164286 0.084762
1 0.910357 0.909524 0.150714 0.097143
1 0.876071 0.712857 0.133571 0.079048
1 0.838929 0.617619 0.113571 0.075238
1 0.824643 0.539524 0.112143 0.067619
1 0.867143 0.415714 0.071429 0.111429
1 0.789286 0.424286 0.098571 0.054286
1 0.697500 0.135238 0.069286 0.041905
1 0.927143 0.391905 0.074286 0.101905
1 0.812500 0.480000 0.107857 0.057143
1 0.973214 0.713333 0.053571 0.161905
1 0.971071 0.520952 0.057857 0.129524
0 0.487500 0.618571 0.015000 0.023810
0 0.517857 0.548095 0.012857 0.031429
0 0.583929 0.148571 0.006429 0.022857
0 0.462143 0.011429 0.007143 0.022857
0 0.470714 0.008571 0.010000 0.017143
1 0.651071 0.011429 0.043571 0.022857