1 0.180000 0.308095 0.025714 0.023810
1 0.210357 0.321905 0.023571 0.020952
1 0.277500 0.367143 0.023571 0.025714
1 0.452500 0.362857 0.027857 0.022857
1 0.559643 0.331429 0.012143 0.036190
1 0.552143 0.409048 0.012857 0.037143
1 0.502500 0.447143 0.025000 0.018095
1 0.442500 0.598095 0.019286 0.040000
1 0.338571 0.867619 0.027143 0.019048
1 0.338571 0.891429 0.030000 0.022857
1 0.671786 0.144286 0.013571 0.039048
1 0.788214 0.164762 0.013571 0.036190
1 0.678571 0.241429 0.014286 0.035238
1 0.670000 0.361905 0.012857 0.038095
1 0.773571 0.516667 0.014286 0.039048