1 0.188929 0.811429 0.062143 0.146667
1 0.698929 0.926190 0.099286 0.079048
1 0.607857 0.661429 0.044286 0.128571
1 0.616071 0.501905 0.042143 0.114286
1 0.613214 0.230952 0.036429 0.098095
1 0.477143 0.255714 0.037143 0.096190
1 0.422500 0.130952 0.033571 0.088571
1 0.604643 0.327143 0.039286 0.082857
1 0.617143 0.029048 0.032857 0.058095
1 0.231786 0.486667 0.047857 0.120000
1 0.152500 0.230952 0.080714 0.061905
1 0.292143 0.085714 0.038571 0.095238
1 0.315714 0.202857 0.045714 0.108571
1 0.276429 0.204762 0.041429 0.093333
0 0.337143 0.209048 0.014286 0.031429
0 0.226786 0.112381 0.015000 0.032381
0 0.250000 0.152381 0.014286 0.030476
0 0.287857 0.149048 0.015714 0.029524
1 0.135714 0.133810 0.055714 0.103810
0 0.357143 0.207143 0.011429 0.029524
0 0.326429 0.385714 0.018571 0.020952
0 0.067143 0.946190 0.032857 0.025714
0 0.076786 0.929048 0.036429 0.023810
1 0.258929 0.322381 0.049286 0.109524
0 0.078214 0.423810 0.030714 0.024762
0 0.541429 0.899524 0.014286 0.020000
0 0.632143 0.988095 0.015714 0.021905
0 0.698214 0.611429 0.012143 0.022857
0 0.571429 0.745714 0.014286 0.020952
0 0.556429 0.248571 0.014286 0.024762
0 0.571786 0.291905 0.012143 0.021905