0 0.366649 0.592764 0.008873 0.022263
1 0.410230 0.441558 0.031315 0.050093
1 0.446242 0.389610 0.025052 0.044527
1 0.462161 0.362709 0.023486 0.044527
1 0.487213 0.440167 0.028706 0.041744
0 0.524791 0.288961 0.003653 0.012059
0 0.088205 0.714750 0.013570 0.036178
1 0.106472 0.897959 0.082463 0.148423
1 0.187370 0.777365 0.058455 0.092764
1 0.263570 0.658627 0.051148 0.074212
1 0.561587 0.297774 0.017745 0.029685
1 0.562630 0.196660 0.016701 0.025974
1 0.587683 0.153989 0.016701 0.022263
1 0.623956 0.116419 0.010960 0.017625
1 0.629697 0.069573 0.012004 0.014842
1 0.642223 0.035250 0.008873 0.016698