0 0.983038 0.456865 0.010960 0.021336
0 0.852557 0.344620 0.009916 0.023191
0 0.822808 0.335807 0.007829 0.018553
0 0.841075 0.205009 0.004697 0.016698
0 0.805846 0.126160 0.006263 0.014842
1 0.846033 0.058442 0.017745 0.024119
1 0.852818 0.039425 0.024008 0.019481
1 0.867432 0.022263 0.015658 0.020408
1 0.877610 0.008349 0.015136 0.016698
1 0.800365 0.048237 0.013048 0.027829
1 0.789666 0.063080 0.017745 0.029685
1 0.828288 0.006957 0.016701 0.013915
1 0.809760 0.035250 0.016180 0.025974
1 0.798539 0.230983 0.028184 0.035250
1 0.781837 0.252783 0.030271 0.032468
1 0.771399 0.274583 0.035491 0.038961
1 0.753392 0.314471 0.030793 0.042672
1 0.697547 0.218924 0.023486 0.035250
1 0.754175 0.128015 0.018789 0.029685
1 0.662578 0.272263 0.025574 0.043599
0 0.626044 0.278757 0.005741 0.019481
0 0.472338 0.231911 0.004175 0.016698
1 0.608820 0.432282 0.030793 0.051948
1 0.585073 0.575139 0.034447 0.059369
1 0.378653 0.515306 0.034969 0.058442
1 0.210595 0.734694 0.051670 0.074212
1 0.183194 0.918831 0.057411 0.088126
1 0.074374 0.891466 0.055846 0.087199