1 0.405714 0.801396 0.017143 0.034264
1 0.031071 0.520939 0.019286 0.013959
1 0.058214 0.558376 0.010714 0.017766
1 0.056429 0.583756 0.010000 0.020305
1 0.071429 0.578046 0.012857 0.026650
1 0.080357 0.555203 0.012143 0.019036
1 0.084286 0.580584 0.011429 0.024112
1 0.108929 0.557741 0.012143 0.021574
1 0.100714 0.554569 0.012857 0.025381
1 0.091429 0.553299 0.014286 0.022843
1 0.100357 0.515863 0.017857 0.016497
0 0.317857 0.253807 0.001429 0.010152
0 0.326429 0.245558 0.002857 0.006345
1 0.375000 0.305838 0.008571 0.017766
1 0.378214 0.315990 0.012143 0.015228
1 0.380714 0.321701 0.012857 0.013959
1 0.383571 0.326142 0.011429 0.015228
1 0.386071 0.330584 0.013571 0.013959
1 0.387143 0.336929 0.014286 0.016497
1 0.390357 0.341371 0.013571 0.015228
1 0.393214 0.347081 0.012143 0.016497
1 0.395714 0.352157 0.012857 0.016497
1 0.397857 0.359137 0.012857 0.015228
1 0.401429 0.362310 0.014286 0.016497
1 0.407143 0.375000 0.014286 0.013959
1 0.410357 0.379442 0.013571 0.015228
1 0.345714 0.316624 0.012857 0.016497
1 0.232500 0.647208 0.007857 0.022843
0 0.256429 0.732234 0.002857 0.010152
0 0.258929 0.734772 0.002143 0.010152
0 0.216429 0.755711 0.002857 0.011421
0 0.216786 0.757614 0.002143 0.010152
1 0.414286 0.466371 0.018571 0.024112