1 0.432411 0.732839 0.025574 0.079777
1 0.818111 0.887291 0.055846 0.054731
1 0.618998 0.365492 0.013570 0.029685
1 0.640397 0.343228 0.025052 0.031540
1 0.474948 0.323284 0.013570 0.026902
1 0.469207 0.269481 0.012526 0.030612
1 0.502349 0.227737 0.012004 0.026902
1 0.516180 0.219852 0.010438 0.018553
1 0.512787 0.142393 0.008873 0.019481
1 0.511221 0.099258 0.006785 0.012987
1 0.504436 0.062152 0.007829 0.016698
1 0.511743 0.052412 0.006785 0.012059
1 0.797495 0.841837 0.060543 0.054731
1 0.705898 0.743506 0.029749 0.065863
1 0.647182 0.608071 0.024008 0.052876
1 0.727296 0.621058 0.048539 0.039889
1 0.722077 0.598794 0.048539 0.032468
1 0.696503 0.526902 0.040188 0.040816
1 0.742432 0.526438 0.045407 0.036178
1 0.820198 0.983302 0.074635 0.031540
1 0.579071 0.171614 0.009916 0.016698
1 0.574896 0.153061 0.008873 0.016698
1 0.572025 0.146104 0.009395 0.013915
1 0.565762 0.117347 0.008351 0.013915
1 0.564196 0.108071 0.011482 0.010204
1 0.562109 0.099258 0.007307 0.011132
0 0.534447 0.153525 0.003132 0.008349
1 0.506785 0.026438 0.005219 0.008349
0 0.395355 0.259740 0.003653 0.014842
0 0.412578 0.191558 0.002610 0.008349
0 0.415710 0.173006 0.002610 0.006494
0 0.590031 0.290353 0.003653 0.009276
0 0.730167 0.772727 0.005219 0.025974
0 0.737996 0.773655 0.006263 0.029685
0 0.443894 0.070501 0.001566 0.005566