1 0.559286 0.954949 0.027143 0.087563
1 0.490357 0.796320 0.029286 0.110406
1 0.444286 0.420685 0.021429 0.052030
1 0.376429 0.457487 0.022857 0.059645
1 0.396429 0.286168 0.022857 0.046954
1 0.525714 0.224619 0.017143 0.053299
1 0.527500 0.079949 0.015000 0.040609
1 0.425000 0.050761 0.015714 0.032995
1 0.271071 0.394036 0.029286 0.041878
1 0.135000 0.968909 0.035714 0.059645
1 0.175714 0.646574 0.032857 0.054569
1 0.146429 0.772208 0.034286 0.064721
1 0.128571 0.490482 0.027143 0.044416
1 0.111071 0.368655 0.042143 0.039340
1 0.201429 0.415609 0.037143 0.054569
1 0.474286 0.038071 0.014286 0.035533