1 0.021071 0.928299 0.022143 0.024112
1 0.010714 0.961294 0.021429 0.021574
1 0.222500 0.806472 0.020714 0.024112
1 0.324643 0.744924 0.019286 0.022843
1 0.258929 0.907995 0.019286 0.024112
1 0.356071 0.623096 0.019286 0.022843
1 0.391786 0.702411 0.017857 0.021574
1 0.422500 0.647843 0.016429 0.016497
1 0.348929 0.797589 0.017857 0.021574
1 0.311786 0.777284 0.020714 0.024112
1 0.579286 0.655457 0.020000 0.021574
1 0.521071 0.738579 0.020714 0.020305
1 0.450357 0.732868 0.022143 0.024112
1 0.469286 0.679569 0.018571 0.021574
1 0.491071 0.638959 0.013571 0.019036
1 0.507143 0.723350 0.020000 0.022843
1 0.602857 0.548858 0.018571 0.021574
1 0.606786 0.571701 0.017857 0.021574
1 0.619643 0.585025 0.017857 0.020305
1 0.982857 0.345812 0.017143 0.016497
1 0.977143 0.432107 0.017143 0.019036
1 0.919286 0.490482 0.018571 0.021574
1 0.982143 0.404822 0.018571 0.020305
1 0.756786 0.592640 0.017857 0.020305
1 0.803214 0.515228 0.019286 0.017766
1 0.799643 0.476523 0.017857 0.021574
1 0.770357 0.559010 0.019286 0.021574
0 0.186786 0.279188 0.003571 0.010152
0 0.189286 0.274746 0.004286 0.008883