1 0.144643 0.271574 0.013571 0.030457
1 0.160357 0.199873 0.009286 0.024112
1 0.126786 0.367386 0.012143 0.031726
1 0.115357 0.267766 0.012143 0.027919
1 0.205714 0.213198 0.010000 0.030457
1 0.209286 0.134518 0.007143 0.030457
1 0.325000 0.441624 0.010000 0.032995
1 0.052143 0.490482 0.014286 0.034264
1 0.353929 0.409264 0.009286 0.034264
1 0.075357 0.661168 0.012143 0.035533
1 0.057857 0.778553 0.012857 0.039340
1 0.083929 0.760787 0.012143 0.044416
1 0.183571 0.894670 0.017143 0.022843
1 0.029643 0.623096 0.015000 0.038071
1 0.365000 0.680203 0.012857 0.035533
1 0.419643 0.635787 0.013571 0.032995
1 0.457857 0.758249 0.012857 0.031726
1 0.429286 0.641497 0.010000 0.029188
1 0.495714 0.691624 0.011429 0.035533
1 0.505714 0.701142 0.010000 0.034264
1 0.456071 0.666244 0.012143 0.032995
1 0.160714 0.954949 0.014286 0.039340
1 0.170714 0.842005 0.014286 0.039340
1 0.266071 0.914975 0.012143 0.032995
1 0.245357 0.901650 0.013571 0.031726
1 0.255000 0.909264 0.015714 0.036802
1 0.247143 0.851523 0.012857 0.030457
1 0.201071 0.817259 0.017857 0.035533
1 0.192143 0.808376 0.011429 0.027919
1 0.182857 0.798858 0.015714 0.034264
1 0.187143 0.860406 0.015714 0.038071
1 0.198214 0.863579 0.015000 0.036802
1 0.179286 0.846447 0.011429 0.030457
1 0.226786 0.888325 0.015000 0.038071
1 0.234643 0.894670 0.012143 0.035533
1 0.238571 0.843274 0.014286 0.034264
1 0.171429 0.960660 0.014286 0.038071
1 0.181786 0.965102 0.013571 0.031726
1 0.190714 0.979061 0.014286 0.039340
1 0.399643 0.757614 0.013571 0.032995
1 0.430714 0.779822 0.012857 0.034264
1 0.439286 0.788071 0.012857 0.035533
1 0.476071 0.675761 0.013571 0.036802
1 0.486071 0.684010 0.010714 0.032995
1 0.447143 0.656726 0.014286 0.034264
1 0.437857 0.652284 0.011429 0.030457
1 0.275000 0.922589 0.015714 0.038071
1 0.200357 0.980964 0.013571 0.030457
1 0.517143 0.970812 0.012857 0.040609
1 0.518929 0.719543 0.010714 0.035533
1 0.527857 0.731599 0.011429 0.026650
1 0.717143 0.553934 0.010000 0.026650
1 0.750357 0.297589 0.012143 0.031726
1 0.782857 0.541244 0.011429 0.031726
1 0.843571 0.748731 0.022857 0.022843
1 0.907143 0.848350 0.021429 0.021574
1 0.919643 0.794416 0.022143 0.022843
1 0.899643 0.902284 0.020714 0.022843
1 0.897500 0.925761 0.019286 0.019036
1 0.892857 0.952411 0.022857 0.026650
1 0.828571 0.802030 0.015714 0.017766
1 0.826071 0.825508 0.017857 0.024112
1 0.823571 0.849619 0.018571 0.021574
1 0.803214 0.954949 0.016429 0.024112
1 0.805000 0.977157 0.018571 0.020305