1 0.025000 0.137056 0.037143 0.055838
1 0.012500 0.339467 0.025000 0.052030
1 0.072500 0.048858 0.039286 0.057107
1 0.196071 0.256345 0.037857 0.050761
1 0.261786 0.552030 0.033571 0.038071
1 0.436429 0.454315 0.035714 0.043147
1 0.398214 0.351523 0.032143 0.040609
1 0.364286 0.184010 0.035714 0.053299
1 0.418929 0.185279 0.035000 0.055838
1 0.507857 0.013959 0.028571 0.027919
1 0.526429 0.098350 0.027143 0.064721
1 0.549643 0.172589 0.017857 0.058376
1 0.662500 0.176396 0.033571 0.055838
1 0.676786 0.149746 0.033571 0.053299
1 0.695357 0.124365 0.032143 0.050761
1 0.685714 0.463832 0.034286 0.044416
1 0.658929 0.524112 0.035000 0.043147
1 0.771071 0.618020 0.033571 0.040609
1 0.850714 0.879442 0.034286 0.040609
1 0.981071 0.918147 0.037857 0.041878
1 0.921786 0.836294 0.033571 0.043147
1 0.949643 0.741751 0.036429 0.046954
1 0.830357 0.663706 0.036429 0.038071
1 0.881786 0.692893 0.039286 0.048223
0 0.792143 0.562183 0.005714 0.012690
1 0.985357 0.628807 0.025000 0.046954
1 0.940357 0.568528 0.022143 0.050761
1 0.921786 0.549492 0.025000 0.048223
1 0.960357 0.583122 0.025000 0.054569
1 0.741071 0.298223 0.037857 0.030457
1 0.760357 0.328680 0.039286 0.030457
1 0.786786 0.357234 0.040714 0.029188
1 0.808214 0.384518 0.035000 0.022843
1 0.852857 0.441624 0.038571 0.027919
1 0.827857 0.412437 0.034286 0.025381