1 0.524530 0.974954 0.041754 0.048237
1 0.451983 0.819573 0.049061 0.099258
1 0.412056 0.723098 0.045407 0.095547
1 0.466858 0.021800 0.032881 0.043599
1 0.289927 0.445269 0.037056 0.072356
1 0.263570 0.381262 0.037578 0.070501
1 0.240084 0.410019 0.037578 0.072356
1 0.208507 0.436920 0.041232 0.079777
1 0.182672 0.459184 0.038622 0.068646
1 0.088987 0.285250 0.048539 0.047310
1 0.081420 0.261132 0.040710 0.041744
1 0.069937 0.228200 0.053236 0.046382
1 0.058455 0.204082 0.041754 0.035250
1 0.049322 0.185529 0.049582 0.044527
1 0.158403 0.205937 0.031837 0.051948
1 0.136743 0.154453 0.029228 0.052876
1 0.157620 0.136827 0.034447 0.051020
1 0.175365 0.175325 0.022965 0.042672
1 0.114823 0.105288 0.032359 0.064007