1 0.233929 0.392857 0.056429 0.080952
1 0.154286 0.404286 0.067143 0.094286
0 0.143571 0.446190 0.017143 0.039048
1 0.026786 0.796667 0.052143 0.122857
1 0.533214 0.858571 0.115000 0.084762
1 0.515714 0.778571 0.095714 0.080952
0 0.435357 0.759048 0.019286 0.034286
0 0.394643 0.658095 0.019286 0.030476
1 0.371429 0.710000 0.067143 0.126667
0 0.533929 0.552857 0.013571 0.029524
0 0.531786 0.537143 0.016429 0.032381
1 0.665000 0.457619 0.032857 0.073333
1 0.540714 0.432857 0.041429 0.080952
1 0.584643 0.432857 0.039286 0.079048
1 0.586071 0.287143 0.069286 0.050476
1 0.631429 0.190476 0.035714 0.062857
1 0.590357 0.167143 0.029286 0.040952
1 0.550357 0.173810 0.032143 0.046667
1 0.675357 0.317619 0.076429 0.048571
1 0.632500 0.057619 0.026429 0.060000
0 0.528571 0.131429 0.010000 0.026667
0 0.590357 0.061429 0.009286 0.023810
1 0.321786 0.226190 0.045000 0.069524
1 0.357143 0.170000 0.042857 0.061905
1 0.386429 0.110952 0.040000 0.060000
1 0.438214 0.070000 0.036429 0.050476
1 0.446429 0.013333 0.032857 0.026667