1 0.106071 0.902857 0.065000 0.148571
1 0.244286 0.545714 0.051429 0.120000
1 0.284286 0.513333 0.070000 0.127619
0 0.393571 0.348571 0.011429 0.020952
0 0.437143 0.360476 0.015714 0.031429
0 0.467500 0.358095 0.016429 0.028571
0 0.500357 0.369524 0.016429 0.020952
0 0.469286 0.327143 0.010000 0.021905
0 0.735000 0.259048 0.014286 0.019048
0 0.775357 0.221429 0.016429 0.025714
1 0.225714 0.901905 0.118571 0.152381
1 0.316786 0.781905 0.090714 0.121905
1 0.433571 0.653333 0.100000 0.120000
1 0.516071 0.559524 0.080714 0.096190
1 0.591429 0.465714 0.085714 0.112381
1 0.754643 0.356667 0.096429 0.100000