1 0.364286 0.786190 0.145714 0.084762
1 0.350000 0.969048 0.174286 0.060000
1 0.960714 0.944286 0.071429 0.103810
1 0.941429 0.813333 0.117143 0.123810
0 0.645357 0.380000 0.013571 0.028571
0 0.656429 0.338095 0.008571 0.028571
0 0.818214 0.745714 0.032143 0.051429
1 0.875714 0.611905 0.132857 0.079048
1 0.846071 0.548095 0.113571 0.075238
1 0.820000 0.489048 0.118571 0.065714
1 0.723929 0.263810 0.079286 0.047619
1 0.715714 0.221429 0.082857 0.052381
1 0.712857 0.194286 0.078571 0.034286
1 0.702143 0.166667 0.072857 0.043810
1 0.692500 0.135238 0.070714 0.043810
1 0.687500 0.112381 0.069286 0.034286
1 0.675000 0.090952 0.062857 0.035238
1 0.381429 0.054762 0.070000 0.042857
1 0.376429 0.213333 0.067143 0.043810
1 0.217500 0.342381 0.102143 0.058095
1 0.839286 0.192381 0.052857 0.060952
1 0.766786 0.075238 0.042143 0.060952
1 0.795714 0.128095 0.048571 0.065714
1 0.860357 0.400952 0.100714 0.074286
1 0.768571 0.353333 0.102857 0.059048
1 0.750714 0.301905 0.104286 0.053333
1 0.795000 0.198571 0.061429 0.090476
1 0.728214 0.088095 0.036429 0.063810
1 0.511786 0.103333 0.036429 0.079048
1 0.455357 0.053810 0.035000 0.075238
1 0.354286 0.587143 0.105714 0.080952
1 0.322500 0.151429 0.080714 0.038095
1 0.322143 0.173810 0.082857 0.040952
1 0.394643 0.028571 0.070714 0.030476
0 0.172143 0.275238 0.020000 0.051429
0 0.183929 0.413333 0.019286 0.049524
0 0.321071 0.370952 0.015000 0.039048
0 0.289643 0.534762 0.016429 0.046667
0 0.312857 0.542381 0.018571 0.025714
0 0.308214 0.514286 0.020714 0.030476
0 0.893571 0.296190 0.020000 0.043810
0 0.896429 0.265714 0.017143 0.024762
0 0.912857 0.294286 0.022857 0.036190