0 0.523500 0.977000 0.014000 0.035333
0 0.537750 0.973000 0.012500 0.036667
0 0.528750 0.929667 0.018500 0.034000
0 0.545000 0.905333 0.011000 0.034667
0 0.544250 0.899000 0.010500 0.022000
0 0.588000 0.898333 0.011000 0.035333
0 0.532500 0.873000 0.017000 0.036667
0 0.544250 0.852667 0.009500 0.037333
0 0.584250 0.963333 0.020500 0.040000
0 0.775500 0.830667 0.021000 0.036000
0 0.760000 0.791333 0.015000 0.030667
0 0.769250 0.776000 0.014500 0.032000
0 0.776750 0.772000 0.018500 0.033333
0 0.735000 0.726333 0.013000 0.044667
0 0.749000 0.723000 0.012000 0.051333
0 0.876000 0.816000 0.028000 0.036000
1 0.937000 0.930000 0.126000 0.101333
0 0.471250 0.821333 0.014500 0.029333
0 0.480000 0.823667 0.014000 0.028667
0 0.404750 0.872667 0.012500 0.030667
0 0.361750 0.855000 0.018500 0.040667
0 0.566750 0.744667 0.014500 0.033333
0 0.616250 0.731333 0.014500 0.041333
0 0.604750 0.680667 0.009500 0.036000
0 0.605000 0.675667 0.006000 0.014000
0 0.566250 0.659000 0.011500 0.015333
0 0.569750 0.634667 0.011500 0.032000
0 0.556250 0.646000 0.010500 0.028000
0 0.538250 0.696333 0.010500 0.032667
1 0.470750 0.774333 0.101500 0.080667
0 0.619250 0.607667 0.011500 0.019333
0 0.614000 0.594000 0.010000 0.016000
0 0.593250 0.501333 0.008500 0.026667
0 0.636250 0.472333 0.010500 0.022000
0 0.383250 0.967000 0.018500 0.038000
0 0.283750 0.916667 0.013500 0.037333
0 0.264000 0.875000 0.017000 0.030000
0 0.284000 0.858667 0.018000 0.024000
1 0.193500 0.812667 0.107000 0.073333
0 0.133500 0.825333 0.020000 0.034667
0 0.097000 0.868000 0.018000 0.036000
0 0.130750 0.769000 0.015500 0.030000
0 0.090500 0.739000 0.020000 0.034000
0 0.101000 0.720000 0.019000 0.034667
0 0.215500 0.744333 0.013000 0.027333
0 0.227500 0.725000 0.017000 0.034000
0 0.224000 0.720667 0.010000 0.016000
0 0.205000 0.662333 0.016000 0.027333
0 0.213500 0.644667 0.014000 0.033333
0 0.195250 0.623333 0.014500 0.032000
0 0.206000 0.607000 0.014000 0.032667
0 0.161000 0.615000 0.026000 0.032667
0 0.140750 0.641000 0.017500 0.031333
0 0.182750 0.588333 0.016500 0.030000
0 0.213500 0.572667 0.011000 0.028000
0 0.279250 0.622000 0.013500 0.030667
0 0.289750 0.629000 0.013500 0.030000
0 0.270250 0.568000 0.013500 0.030667
0 0.235000 0.571000 0.012000 0.030000
0 0.105750 0.648667 0.020500 0.029333
0 0.130500 0.619000 0.014000 0.036667
0 0.141750 0.618667 0.015500 0.032000
0 0.178750 0.567667 0.014500 0.023333
0 0.185750 0.559333 0.012500 0.028000
0 0.195250 0.583333 0.015500 0.032000
0 0.196250 0.574000 0.014500 0.029333
0 0.195250 0.563000 0.010500 0.026000
0 0.217750 0.527667 0.010500 0.031333
0 0.200750 0.550667 0.011500 0.018667
0 0.213500 0.541333 0.014000 0.021333
0 0.241250 0.570667 0.010500 0.020000
0 0.173750 0.577333 0.012500 0.024000
0 0.154000 0.606000 0.014000 0.021333
1 0.289000 0.704000 0.091000 0.076000
1 0.068250 0.653333 0.074500 0.068000
1 0.117250 0.521000 0.066500 0.051333
1 0.174500 0.542333 0.072000 0.051333
0 0.267750 0.483000 0.011500 0.023333
0 0.301500 0.433000 0.008000 0.015333
0 0.311750 0.423333 0.008500 0.017333
0 0.353000 0.421000 0.008000 0.026000
0 0.348000 0.380333 0.007000 0.016667
0 0.363750 0.438667 0.006500 0.024000
0 0.362750 0.361000 0.007500 0.023333
1 0.313000 0.487667 0.052000 0.050000
1 0.376000 0.549000 0.068000 0.039333
1 0.416750 0.582333 0.053500 0.066000
1 0.454000 0.587333 0.055000 0.062667
1 0.417250 0.486000 0.068500 0.042667
1 0.536500 0.485667 0.075000 0.042000
1 0.538000 0.459000 0.055000 0.034000
0 0.530500 0.447000 0.007000 0.019333
1 0.549500 0.440000 0.048000 0.037333
1 0.602000 0.431333 0.024000 0.044000
1 0.549250 0.405667 0.048500 0.040667
0 0.541750 0.340667 0.009500 0.016000
0 0.514500 0.336667 0.007000 0.012000
0 0.503750 0.373000 0.007500 0.020667
0 0.474750 0.331333 0.006500 0.021333
0 0.443250 0.440667 0.007500 0.014667
0 0.484250 0.435333 0.009500 0.024000
1 0.448750 0.407667 0.048500 0.038000
1 0.445250 0.387333 0.047500 0.034667
1 0.407500 0.381667 0.036000 0.039333
0 0.391000 0.364333 0.008000 0.016667
0 0.383750 0.339667 0.006500 0.019333
0 0.382500 0.334000 0.005000 0.020000
1 0.447500 0.327333 0.026000 0.034667
0 0.057250 0.423333 0.012500 0.017333
0 0.069750 0.411667 0.012500 0.018000
0 0.089000 0.416667 0.009000 0.020000
1 0.367000 0.326333 0.048000 0.031333
1 0.395250 0.290333 0.038500 0.023333
1 0.398000 0.277333 0.038000 0.022667
1 0.413250 0.269333 0.037500 0.025333
1 0.426500 0.261667 0.037000 0.022000
0 0.441250 0.271333 0.005500 0.020000
0 0.445750 0.275333 0.003500 0.014667
1 0.494250 0.272000 0.022500 0.034667
1 0.505250 0.253333 0.018500 0.026667
1 0.523750 0.231667 0.017500 0.022000
1 0.550000 0.226667 0.031000 0.022667
1 0.583000 0.227333 0.028000 0.026667
1 0.568000 0.219000 0.024000 0.019333
1 0.595250 0.209333 0.032500 0.021333
1 0.527750 0.191333 0.030500 0.017333
1 0.526250 0.178000 0.030500 0.018667
1 0.528500 0.185333 0.028000 0.012000
1 0.482750 0.167667 0.024500 0.014000
1 0.444750 0.163333 0.025500 0.013333
0 0.468750 0.165333 0.003500 0.013333
1 0.440000 0.240333 0.029000 0.022000
1 0.447000 0.231333 0.043000 0.026667
1 0.459250 0.223667 0.026500 0.020667
1 0.461750 0.217667 0.026500 0.015333
1 0.463000 0.208667 0.033000 0.018667
1 0.431250 0.208000 0.028500 0.022667
1 0.416500 0.189000 0.028000 0.018000
1 0.394250 0.202333 0.029500 0.018000
1 0.373000 0.155333 0.024000 0.013333
0 0.355250 0.189667 0.004500 0.011333
1 0.348250 0.200333 0.025500 0.019333
1 0.457000 0.102333 0.019000 0.011333
1 0.331250 0.086000 0.015500 0.009333
1 0.312000 0.084667 0.016000 0.009333
1 0.294000 0.083333 0.016000 0.008000
1 0.251000 0.080000 0.018000 0.009333
1 0.256500 0.188000 0.030000 0.014667
1 0.157500 0.160667 0.031000 0.017333
1 0.124250 0.136333 0.019500 0.014000
0 0.114000 0.118333 0.004000 0.010000
0 0.116500 0.116333 0.005000 0.011333
1 0.108000 0.087333 0.016000 0.009333
1 0.084750 0.151000 0.027500 0.022000
1 0.060500 0.129667 0.025000 0.015333
1 0.010500 0.103000 0.021000 0.010000
1 0.043750 0.101333 0.020500 0.012000
1 0.063500 0.098000 0.017000 0.010667
1 0.032250 0.097333 0.021500 0.012000
1 0.054000 0.089667 0.019000 0.010000
1 0.074500 0.086667 0.018000 0.012000