1 0.226750 0.761333 0.038500 0.064000
1 0.221250 0.696000 0.032500 0.048000
1 0.250500 0.619333 0.026000 0.037333
1 0.225750 0.640000 0.025500 0.050667
1 0.218000 0.560333 0.019000 0.022000
1 0.243750 0.550667 0.017500 0.025333
1 0.247500 0.526333 0.018000 0.022000
1 0.246000 0.513000 0.015000 0.016667
1 0.243000 0.502333 0.015000 0.018000
1 0.249000 0.421000 0.008000 0.008667
1 0.237500 0.456333 0.008000 0.014000
0 0.204750 0.507667 0.004500 0.012667
1 0.966500 0.739667 0.062000 0.052667
1 0.697750 0.671000 0.049500 0.030000
1 0.679000 0.659000 0.041000 0.027333
0 0.684750 0.598000 0.006500 0.024000
1 0.604250 0.531333 0.032500 0.018667
1 0.630750 0.553667 0.034500 0.020667
1 0.550250 0.518333 0.017500 0.022000
1 0.482000 0.487333 0.017000 0.016000
1 0.457250 0.454667 0.019500 0.013333
1 0.436000 0.447667 0.017000 0.010000
1 0.441500 0.452000 0.012000 0.013333
1 0.447250 0.465333 0.014500 0.014667
1 0.420500 0.475667 0.023000 0.014000
1 0.359000 0.410000 0.007000 0.006667
1 0.470250 0.508333 0.028500 0.012667
1 0.471500 0.515000 0.030000 0.016667
1 0.477000 0.519667 0.027000 0.018000
1 0.487500 0.523667 0.027000 0.019333
1 0.508750 0.540000 0.027500 0.013333
1 0.515500 0.543333 0.026000 0.013333
1 0.530250 0.549000 0.028500 0.018000