0 0.203929 0.763959 0.010714 0.038071
0 0.205357 0.724619 0.007857 0.030457
0 0.260357 0.737310 0.009286 0.030457
1 0.462500 0.756980 0.059286 0.049492
1 0.753929 0.820431 0.067857 0.049492
1 0.838214 0.815990 0.073571 0.055838
0 0.421786 0.607234 0.010714 0.024112
1 0.201429 0.357868 0.022857 0.025381
1 0.220714 0.364848 0.017143 0.024112
1 0.233214 0.377538 0.017857 0.026650
1 0.244286 0.392132 0.018571 0.022843
1 0.257500 0.406726 0.019286 0.026650
1 0.273214 0.435279 0.017857 0.027919
1 0.614286 0.450508 0.031429 0.043147
1 0.591071 0.439086 0.030714 0.045685