1 0.494643 0.086667 0.009286 0.009524
1 0.604643 0.099524 0.005000 0.006667
1 0.634643 0.100952 0.006429 0.007619
1 0.652143 0.100952 0.007143 0.007619
1 0.777143 0.085714 0.010000 0.009524
1 0.664643 0.101905 0.006429 0.009524
1 0.645357 0.100000 0.006429 0.009524
1 0.705000 0.442857 0.035714 0.032381
0 0.597143 0.410952 0.004286 0.014286
0 0.602143 0.411905 0.002857 0.016190
0 0.605714 0.410476 0.004286 0.013333
0 0.458929 0.373810 0.003571 0.010476
0 0.472500 0.157619 0.002143 0.006667
0 0.488571 0.083333 0.002857 0.002857