1 0.011071 0.239213 0.020714 0.024112
0 0.018929 0.345812 0.003571 0.008883
0 0.010000 0.686548 0.007143 0.012690
0 0.012857 0.680203 0.007143 0.010152
1 0.202857 0.599619 0.018571 0.044416
1 0.327857 0.119924 0.010000 0.036802
0 0.315357 0.137056 0.002143 0.007614
0 0.401786 0.091371 0.002143 0.010152
1 0.456429 0.218274 0.020000 0.020305
1 0.461071 0.229061 0.023571 0.021574
1 0.455357 0.272843 0.022143 0.025381
1 0.511071 0.295685 0.012143 0.040609
1 0.516429 0.340102 0.011429 0.032995
1 0.408929 0.651015 0.015000 0.048223
0 0.952143 0.715736 0.005714 0.007614
1 0.928571 0.270305 0.012857 0.032995
1 0.715714 0.046320 0.021429 0.021574
1 0.691429 0.033629 0.020000 0.024112
1 0.739286 0.055203 0.021429 0.024112
1 0.592143 0.145305 0.018571 0.031726
1 0.607143 0.117386 0.017143 0.034264
1 0.585000 0.223350 0.011429 0.032995
1 0.592143 0.261421 0.014286 0.038071
1 0.615714 0.349619 0.015714 0.041878
1 0.575357 0.303299 0.015000 0.050761
1 0.518571 0.053934 0.008571 0.024112
1 0.530000 0.046320 0.010000 0.026650
1 0.651786 0.393401 0.023571 0.022843
1 0.648214 0.385787 0.019286 0.022843
1 0.646786 0.500635 0.019286 0.044416
1 0.596429 0.574239 0.027143 0.026650
1 0.597500 0.548223 0.026429 0.022843
1 0.595000 0.526650 0.027143 0.025381
1 0.558571 0.508883 0.027143 0.025381
0 0.544643 0.550761 0.002143 0.010152
1 0.551071 0.478426 0.023571 0.022843
1 0.591786 0.501269 0.025000 0.022843
1 0.562143 0.539340 0.025714 0.025381
0 0.363929 0.838832 0.006429 0.015228