0 0.375000 0.110476 0.005714 0.009524
1 0.441429 0.137143 0.047143 0.034286
1 0.422143 0.201905 0.042857 0.032381
1 0.397143 0.275238 0.054286 0.036190
1 0.410714 0.228095 0.050000 0.031429
1 0.438929 0.160476 0.046429 0.029524
1 0.356071 0.428571 0.036429 0.034286
1 0.366071 0.396667 0.036429 0.029524
1 0.035357 0.748571 0.070714 0.083810
1 0.166786 0.791905 0.055000 0.124762
1 0.134643 0.922381 0.063571 0.098095
1 0.304643 0.861429 0.057857 0.111429
1 0.483214 0.820000 0.072143 0.070476
1 0.505714 0.722381 0.070000 0.048571
1 0.512500 0.670952 0.070714 0.052381
1 0.518929 0.625238 0.062143 0.048571
1 0.533571 0.540000 0.062857 0.045714
1 0.537857 0.499524 0.062857 0.042857
1 0.598571 0.103810 0.042857 0.041905
0 0.927143 0.479524 0.008571 0.018095
0 0.926429 0.466190 0.008571 0.010476