0 0.179541 0.438312 0.008351 0.026902
0 0.176409 0.554731 0.008351 0.025974
0 0.138048 0.498609 0.008873 0.012059
0 0.110908 0.494434 0.006785 0.012987
0 0.064457 0.490260 0.007829 0.012059
0 0.352557 0.790816 0.009916 0.036178
1 0.500522 0.566790 0.017745 0.051948
0 0.469729 0.564471 0.007307 0.023191
1 0.504175 0.322820 0.018789 0.044527
1 0.480428 0.124304 0.009916 0.022263
1 0.501044 0.127087 0.010438 0.022263
1 0.500783 0.096475 0.008873 0.020408
1 0.510177 0.094620 0.008873 0.020408
1 0.466336 0.092301 0.017223 0.013915
0 0.447025 0.112245 0.003653 0.009276
0 0.490084 0.124304 0.004175 0.009276
0 0.488518 0.082096 0.002088 0.008349
0 0.492171 0.080705 0.002088 0.007421
1 0.325939 0.220315 0.010960 0.026902
0 0.390136 0.243970 0.006785 0.024119
0 0.384134 0.247681 0.007307 0.014842
0 0.476775 0.053803 0.002610 0.009276
0 0.491127 0.051948 0.002088 0.007421
1 0.520616 0.088126 0.007829 0.016698
1 0.521660 0.107143 0.008873 0.021336
1 0.518006 0.063544 0.006785 0.013915
1 0.543058 0.359462 0.017223 0.032468
0 0.528706 0.385900 0.005219 0.016698
1 0.565240 0.622449 0.026096 0.064935
0 0.541493 0.746753 0.012004 0.025974
0 0.541232 0.756494 0.010438 0.023191
1 0.579593 0.779221 0.028706 0.076067
0 0.540710 0.916976 0.010438 0.028757
0 0.559238 0.932282 0.010960 0.033395
1 0.756785 0.614564 0.038622 0.075139
1 0.713466 0.540353 0.042797 0.043599
1 0.700678 0.503711 0.029749 0.046382
0 0.372651 0.025046 0.003132 0.012987