1 0.177857 0.987310 0.071429 0.022843
0 0.678929 0.972081 0.009286 0.027919
0 0.928571 0.599619 0.008571 0.019036
0 0.805714 0.651650 0.010000 0.021574
0 0.687143 0.697970 0.010000 0.022843
0 0.667500 0.730964 0.010714 0.025381
0 0.523929 0.791878 0.009286 0.027919
0 0.526429 0.779822 0.010000 0.026650
0 0.184286 0.937817 0.010000 0.022843
0 0.187143 0.892132 0.010000 0.030457
0 0.188214 0.885787 0.009286 0.022843
0 0.428214 0.666244 0.006429 0.022843
0 0.433571 0.637056 0.005714 0.022843
0 0.631429 0.425127 0.004286 0.017766
0 0.638571 0.435279 0.004286 0.022843
0 0.640714 0.430203 0.004286 0.010152
0 0.618214 0.503807 0.006429 0.017766
0 0.618214 0.492386 0.003571 0.015228
1 0.607143 0.508249 0.014286 0.044416
1 0.609643 0.418147 0.013571 0.039340
1 0.610357 0.375635 0.012143 0.038071
1 0.611071 0.322970 0.012143 0.044416
1 0.605000 0.281091 0.014286 0.039340
1 0.589643 0.250635 0.017857 0.029188
1 0.569643 0.186548 0.025000 0.027919
0 0.566429 0.126904 0.002857 0.015228
1 0.453214 0.138325 0.010714 0.022843
0 0.394643 0.068528 0.003571 0.012690
0 0.407857 0.131345 0.002857 0.013959
0 0.266071 0.109137 0.003571 0.012690
0 0.266786 0.103426 0.003571 0.013959
0 0.275357 0.108503 0.003571 0.011421
1 0.273571 0.157995 0.012857 0.034264
1 0.330357 0.183376 0.026429 0.029188
1 0.335357 0.192893 0.027857 0.025381
1 0.343214 0.254442 0.013571 0.026650
1 0.290357 0.254442 0.025000 0.019036
1 0.333929 0.229061 0.015000 0.026650
1 0.356429 0.230330 0.021429 0.021574
1 0.330357 0.313452 0.017857 0.032995
0 0.394643 0.168147 0.003571 0.008883
0 0.405000 0.182741 0.002857 0.012690
0 0.410357 0.180838 0.002143 0.013959
0 0.437143 0.381345 0.002857 0.019036
0 0.448214 0.380711 0.003571 0.017766
0 0.452143 0.382614 0.004286 0.016497
0 0.432500 0.411168 0.002143 0.015228
0 0.436071 0.410533 0.003571 0.019036
0 0.439286 0.418147 0.002857 0.013959
0 0.433214 0.456853 0.003571 0.020305
0 0.085357 0.654822 0.012143 0.027919
0 0.101786 0.653553 0.009286 0.027919
1 0.014286 0.513325 0.028571 0.034264
1 0.011429 0.528553 0.022857 0.041878
1 0.031786 0.558376 0.023571 0.053299
1 0.028571 0.608503 0.025714 0.057107
1 0.022143 0.671954 0.031429 0.095178
0 0.012500 0.758883 0.007857 0.025381
0 0.020000 0.774746 0.008571 0.031726
0 0.026786 0.782360 0.010714 0.031726
1 0.052143 0.748096 0.031429 0.105330
1 0.134643 0.689721 0.069286 0.057107
1 0.160000 0.736675 0.025714 0.064721
1 0.122857 0.451777 0.020000 0.050761
1 0.164643 0.435914 0.016429 0.041878
1 0.224643 0.436548 0.050714 0.053299
1 0.260357 0.503807 0.019286 0.045685
1 0.238571 0.500635 0.020000 0.049492
1 0.216071 0.507614 0.017857 0.040609
1 0.219286 0.554569 0.018571 0.050761
1 0.125357 0.538706 0.019286 0.039340
1 0.101071 0.543147 0.022143 0.055838
1 0.170357 0.519670 0.019286 0.046954
1 0.194286 0.510787 0.020000 0.046954
1 0.172857 0.574239 0.021429 0.059645
1 0.147857 0.529188 0.020000 0.045685
1 0.195357 0.553299 0.019286 0.065990
1 0.147143 0.574873 0.024286 0.083756
1 0.099286 0.589467 0.021429 0.062183