1 0.199643 0.915238 0.047857 0.099048
1 0.250714 0.760476 0.040000 0.090476
0 0.152500 0.695714 0.013571 0.016190
1 0.333929 0.384286 0.033571 0.067619
1 0.495714 0.403333 0.060000 0.042857
0 0.039286 0.380952 0.018571 0.020952
1 0.133214 0.116190 0.047857 0.049524
1 0.121786 0.095714 0.047857 0.044762
1 0.114643 0.016190 0.047857 0.032381
1 0.276429 0.137143 0.032857 0.068571
1 0.326071 0.126190 0.029286 0.056190
0 0.224286 0.059048 0.008571 0.017143
1 0.802857 0.981905 0.061429 0.036190
1 0.656429 0.658095 0.058571 0.051429
1 0.646429 0.623333 0.065714 0.058095
1 0.631786 0.583810 0.065000 0.060952
1 0.616071 0.544286 0.062143 0.054286
1 0.598214 0.500476 0.062143 0.052381
1 0.586071 0.461905 0.062143 0.055238
1 0.573571 0.425238 0.058571 0.054286
1 0.540714 0.355238 0.057143 0.043810
1 0.526429 0.316190 0.055714 0.043810
1 0.644643 0.282857 0.055000 0.055238
1 0.487857 0.182381 0.052857 0.046667
1 0.458571 0.099524 0.051429 0.044762
1 0.449286 0.073810 0.052857 0.040952
1 0.440714 0.048095 0.047143 0.037143
1 0.432143 0.021905 0.048571 0.034286
1 0.764286 0.557619 0.057143 0.050476