1 0.369643 0.956218 0.022143 0.072335
1 0.433929 0.793147 0.029286 0.081218
1 0.387500 0.787437 0.023571 0.059645
1 0.355000 0.755076 0.024286 0.060914
1 0.328214 0.758883 0.026429 0.058376
1 0.340000 0.645939 0.021429 0.050761
1 0.396071 0.652919 0.019286 0.049492
1 0.439643 0.604695 0.017857 0.049492
1 0.470000 0.619289 0.018571 0.055838
1 0.380357 0.536802 0.019286 0.038071
1 0.465000 0.496193 0.017143 0.045685
1 0.386786 0.465102 0.019286 0.034264
1 0.443929 0.439721 0.017857 0.036802
1 0.490357 0.410533 0.017857 0.041878
1 0.469643 0.385787 0.016429 0.035533
1 0.410000 0.392766 0.017143 0.031726
1 0.472143 0.201142 0.011429 0.026650
1 0.441071 0.215102 0.013571 0.031726
1 0.413571 0.211929 0.011429 0.030457
1 0.397857 0.220178 0.012857 0.029188
1 0.848214 0.291878 0.013571 0.020305
1 0.833929 0.275381 0.010714 0.017766
1 0.822857 0.260152 0.008571 0.017766
1 0.811071 0.246193 0.012143 0.020305
1 0.823571 0.234137 0.017143 0.024112
1 0.795000 0.221447 0.012857 0.024112
1 0.747857 0.163706 0.008571 0.012690
1 0.697143 0.190355 0.011429 0.025381
1 0.717143 0.225888 0.014286 0.025381
1 0.635714 0.273477 0.020000 0.024112
1 0.581429 0.248731 0.014286 0.020305
1 0.553571 0.279822 0.020000 0.021574
1 0.549643 0.192893 0.009286 0.017766
1 0.576786 0.173223 0.009286 0.026650
1 0.530714 0.168147 0.010000 0.019036
1 0.523929 0.137056 0.012143 0.017766
1 0.674286 0.194162 0.010000 0.020305
1 0.685357 0.173858 0.012143 0.025381
1 0.656786 0.118020 0.009286 0.020305
1 0.639286 0.096447 0.012857 0.017766
1 0.629643 0.093909 0.010714 0.012690
1 0.622500 0.088832 0.015000 0.020305
1 0.608571 0.086929 0.012857 0.019036
1 0.556429 0.145939 0.008571 0.017766
1 0.521071 0.125635 0.012143 0.012690
1 0.519286 0.120558 0.011429 0.012690
1 0.516071 0.108503 0.010714 0.011421
1 0.515714 0.101523 0.012857 0.015228
1 0.523214 0.094543 0.006429 0.013959
1 0.536786 0.016497 0.015000 0.012690
1 0.510357 0.042513 0.007857 0.013959
1 0.605357 0.123731 0.006429 0.013959
1 0.464643 0.152284 0.012143 0.027919
1 0.398571 0.130711 0.011429 0.017766
1 0.399286 0.072335 0.008571 0.015228
1 0.431786 0.074873 0.006429 0.015228
1 0.456429 0.084391 0.010000 0.019036
1 0.450714 0.034264 0.008571 0.017766
1 0.713571 0.158629 0.008571 0.015228
1 0.705000 0.147843 0.010000 0.016497