1 0.034969 0.290353 0.036534 0.076067
1 0.087944 0.314007 0.034969 0.076994
1 0.117432 0.311224 0.031315 0.071429
1 0.149530 0.312152 0.031837 0.075139
1 0.176670 0.314007 0.033925 0.076994
1 0.206159 0.315399 0.033403 0.063080
1 0.232255 0.327922 0.036534 0.073284
1 0.260960 0.336271 0.031315 0.075139
1 0.288361 0.337199 0.031837 0.073284
1 0.317328 0.345083 0.031315 0.077922
1 0.348643 0.346939 0.029228 0.070501
1 0.402662 0.358998 0.028706 0.076067
1 0.429802 0.357143 0.023486 0.081633
1 0.456681 0.360853 0.024008 0.074212
1 0.484342 0.373840 0.024008 0.083488
1 0.520877 0.371058 0.024008 0.089054
1 0.580637 0.388219 0.023486 0.084416
1 0.639875 0.398423 0.025052 0.080705
1 0.680324 0.447124 0.053758 0.044527
1 0.688152 0.495826 0.058977 0.043599
1 0.703027 0.538961 0.063674 0.048237
1 0.607777 0.511596 0.058977 0.052876
1 0.661534 0.595547 0.052714 0.051948
1 0.821242 0.581633 0.069415 0.053803
1 0.498956 0.488868 0.059499 0.048237
1 0.384395 0.474026 0.062109 0.046382
1 0.480950 0.575139 0.050626 0.051948
1 0.371868 0.557514 0.058977 0.051948
1 0.261221 0.532004 0.061065 0.051020
1 0.174322 0.434137 0.056367 0.044527
1 0.063674 0.415584 0.061587 0.048237
1 0.036013 0.493970 0.061587 0.051020
0 0.391441 0.656772 0.008351 0.020408
0 0.455376 0.706865 0.009916 0.022263
0 0.726775 0.651206 0.010960 0.025974