1 0.239643 0.780457 0.036429 0.131980
1 0.517143 0.946066 0.045714 0.105330
1 0.547143 0.940355 0.048571 0.116751
1 0.578571 0.928934 0.051429 0.131980
1 0.607857 0.912437 0.050000 0.126904
1 0.640357 0.901650 0.050714 0.130711
1 0.247143 0.965736 0.041429 0.065990
1 0.328214 0.946066 0.036429 0.105330
1 0.369286 0.981599 0.031429 0.034264
1 0.533929 0.669416 0.042143 0.100254
1 0.396786 0.916878 0.037857 0.100254
1 0.680357 0.569162 0.040714 0.072335
1 0.645357 0.492386 0.033571 0.068528
1 0.545714 0.271574 0.028571 0.048223
1 0.522857 0.270939 0.022857 0.046954
1 0.506786 0.194162 0.022143 0.040609
1 0.495357 0.166878 0.016429 0.026650
1 0.476071 0.163706 0.020714 0.032995
1 0.493214 0.200508 0.020714 0.038071
1 0.484643 0.139594 0.022143 0.040609
0 0.462143 0.281726 0.005714 0.025381
0 0.466429 0.281726 0.004286 0.025381