1 0.059643 0.840000 0.115000 0.257143
1 0.154286 0.920000 0.145714 0.160000
1 0.831786 0.919524 0.233571 0.140000
1 0.803214 0.756190 0.195000 0.121905
0 0.608214 0.683810 0.022143 0.068571
0 0.032143 0.610000 0.037143 0.046667
1 0.132500 0.587619 0.116429 0.182857
1 0.211786 0.400000 0.086429 0.133333
1 0.485714 0.513333 0.061429 0.129524
1 0.506429 0.269048 0.050000 0.084762
1 0.256786 0.289048 0.062143 0.088571
1 0.571071 0.234286 0.046429 0.080000
1 0.293929 0.206667 0.063571 0.095238
1 0.495000 0.175238 0.042857 0.076190
1 0.578929 0.121905 0.042143 0.076190
1 0.514643 0.099524 0.040714 0.060000
1 0.359643 0.076667 0.040714 0.054286
1 0.367143 0.022857 0.040000 0.045714
1 0.488571 0.030952 0.030000 0.061905
0 0.736786 0.289524 0.017857 0.051429
1 0.676071 0.048571 0.077857 0.057143
0 0.620000 0.081905 0.010000 0.045714
0 0.629286 0.083810 0.010000 0.043810