1 0.296429 0.860000 0.060000 0.171429
1 0.300000 0.688095 0.052857 0.149524
1 0.302857 0.493333 0.051429 0.140952
1 0.320000 0.192381 0.045714 0.127619
1 0.308571 0.342857 0.047143 0.129524
1 0.490357 0.503810 0.050714 0.152381
1 0.517500 0.698095 0.050714 0.150476
1 0.486786 0.911905 0.052143 0.176190
1 0.696071 0.255714 0.107857 0.067619
1 0.724286 0.448095 0.110000 0.065714
0 0.696786 0.112857 0.016429 0.037143
0 0.647500 0.128095 0.016429 0.035238
0 0.658571 0.133810 0.011429 0.031429
0 0.635000 0.582381 0.020000 0.020000
0 0.668929 0.688571 0.019286 0.019048
0 0.601786 0.914286 0.016429 0.024762