1 0.653929 0.967005 0.026429 0.063452
1 0.811429 0.961294 0.031429 0.074873
1 0.756071 0.717640 0.026429 0.067259
1 0.532143 0.795685 0.024286 0.065990
1 0.616429 0.663071 0.025714 0.062183
1 0.675357 0.575508 0.025000 0.057107
1 0.670714 0.465102 0.024286 0.052030
1 0.726429 0.530457 0.024286 0.063452
1 0.693214 0.416244 0.025000 0.045685
1 0.612857 0.449239 0.025714 0.058376
1 0.565714 0.428299 0.022857 0.041878
1 0.535714 0.405457 0.021429 0.041878
1 0.512500 0.327411 0.022143 0.045685
1 0.480000 0.299492 0.020000 0.038071
1 0.571429 0.324239 0.021429 0.039340
1 0.651071 0.297589 0.022143 0.039340
1 0.513214 0.135152 0.019286 0.036802
1 0.488929 0.130076 0.019286 0.031726
1 0.448929 0.107234 0.019286 0.031726
1 0.363214 0.161802 0.019286 0.029188
1 0.347143 0.080584 0.018571 0.026650
1 0.417857 0.048858 0.018571 0.031726
1 0.360357 0.015228 0.016429 0.022843
1 0.315000 0.027919 0.017143 0.027919
1 0.616071 0.982868 0.026429 0.031726