1 0.235125 0.157236 0.019311 0.019481
1 0.214248 0.181354 0.017223 0.021336
1 0.188674 0.212894 0.024530 0.019481
1 0.173017 0.234230 0.020355 0.025046
1 0.155793 0.254638 0.019311 0.019481
0 0.134395 0.265770 0.004697 0.012059
0 0.137787 0.276438 0.004175 0.012987
1 0.114040 0.305195 0.032881 0.027829
1 0.041232 0.367347 0.034447 0.040816
1 0.038100 0.407236 0.032359 0.044527
1 0.007829 0.397032 0.015658 0.038961
1 0.374478 0.249536 0.030793 0.024119
1 0.387265 0.223098 0.025052 0.023191
1 0.393006 0.209184 0.024008 0.023191
1 0.398747 0.200835 0.025052 0.023191
1 0.326200 0.383581 0.024008 0.041744
1 0.423017 0.401670 0.021399 0.048237
1 0.445720 0.404917 0.018789 0.045455
1 0.514875 0.420223 0.017223 0.044527
0 0.460595 0.359926 0.004697 0.024119
1 0.537578 0.424861 0.015658 0.050093
1 0.603862 0.186920 0.025052 0.026902
1 0.645877 0.198516 0.026618 0.022263
1 0.675887 0.121985 0.022965 0.019481
1 0.748956 0.295455 0.012526 0.032468
1 0.897443 0.262059 0.017223 0.034323
1 0.840553 0.250464 0.014092 0.033395
1 0.837161 0.297310 0.015658 0.028757
1 0.930063 0.323748 0.020877 0.037106
1 0.883090 0.389610 0.037578 0.037106
1 0.788361 0.310761 0.016180 0.033395
1 0.703810 0.450835 0.038100 0.037106
1 0.718424 0.477273 0.037056 0.036178
1 0.600992 0.455009 0.037056 0.034323
1 0.592380 0.432746 0.036534 0.036178
1 0.513309 0.581169 0.019311 0.056586
1 0.483820 0.570037 0.020877 0.049165
1 0.456159 0.561688 0.020877 0.052876
0 0.371347 0.776902 0.009916 0.015770