1 0.653445 0.066790 0.042797 0.064935
0 0.974426 0.196197 0.012526 0.041744
1 0.798278 0.671150 0.046451 0.110390
0 0.784708 0.662801 0.009916 0.028757
1 0.445198 0.569109 0.060543 0.110390
1 0.537578 0.693414 0.052192 0.125232
1 0.599426 0.560761 0.073591 0.106679
1 0.632568 0.489796 0.063674 0.083488
1 0.685021 0.407699 0.054802 0.088126
0 0.540449 0.935529 0.005741 0.028757
1 0.372912 0.530612 0.061065 0.109462
0 0.291493 0.450371 0.009916 0.017625
1 0.452766 0.413265 0.049582 0.086271
0 0.015919 0.319573 0.010960 0.023191