1 0.586429 0.820431 0.031429 0.046954
1 0.576071 0.758249 0.042143 0.046954
1 0.516429 0.623731 0.032857 0.059645
1 0.442500 0.519036 0.029286 0.055838
1 0.416429 0.496827 0.028571 0.057107
1 0.387143 0.480330 0.034286 0.072335
1 0.322143 0.479695 0.027143 0.071066
1 0.622500 0.456853 0.032143 0.065990
1 0.607143 0.399112 0.040000 0.054569
1 0.583929 0.374365 0.032143 0.048223
1 0.555714 0.344543 0.022857 0.044416
1 0.531071 0.335660 0.022143 0.044416
1 0.501786 0.324873 0.017857 0.050761
1 0.474286 0.310279 0.020000 0.046954
1 0.472857 0.361041 0.042857 0.054569
1 0.371429 0.362310 0.051429 0.041878