1 0.502857 0.078046 0.008571 0.031726
0 0.467500 0.060279 0.003571 0.013959
0 0.472500 0.062817 0.003571 0.016497
0 0.477143 0.062817 0.004286 0.011421
0 0.481429 0.056472 0.001429 0.008883
0 0.465357 0.107868 0.002143 0.012690
0 0.467857 0.107868 0.002857 0.012690
0 0.465000 0.121827 0.002857 0.010152
0 0.481429 0.080584 0.002857 0.011421
0 0.460714 0.263325 0.004286 0.013959
0 0.452500 0.296320 0.003571 0.013959
0 0.450357 0.291244 0.003571 0.011421
0 0.708571 0.266497 0.002857 0.012690
1 0.525357 0.465102 0.010714 0.044416
1 0.509643 0.637690 0.012143 0.049492
0 0.703929 0.572335 0.006429 0.010152
0 0.710714 0.564086 0.004286 0.011421
0 0.937143 0.319162 0.002857 0.011421
1 0.845714 0.372462 0.022857 0.024112
1 0.845714 0.388959 0.030000 0.024112
1 0.762500 0.472081 0.026429 0.022843
1 0.754286 0.401650 0.025714 0.021574
1 0.844286 0.414340 0.027143 0.021574
1 0.755000 0.424492 0.024286 0.019036
1 0.887500 0.757614 0.027857 0.022843
1 0.849286 0.753173 0.030000 0.024112
1 0.813571 0.746827 0.030000 0.026650
1 0.891071 0.912437 0.030714 0.025381
1 0.505714 0.897208 0.014286 0.060914
1 0.460000 0.805838 0.021429 0.050761
1 0.411786 0.720812 0.029286 0.035533
1 0.315357 0.645939 0.029286 0.022843
1 0.011786 0.486675 0.022143 0.044416
1 0.048929 0.493655 0.023571 0.045685
1 0.061071 0.494289 0.022143 0.046954
1 0.088214 0.498096 0.019286 0.039340
1 0.112143 0.504442 0.018571 0.041878
1 0.130357 0.504442 0.020714 0.046954
1 0.152857 0.505711 0.020000 0.044416
1 0.277143 0.517766 0.018571 0.050761
1 0.313929 0.517132 0.016429 0.044416
1 0.329286 0.522208 0.015714 0.044416
1 0.345357 0.522843 0.016429 0.045685