1 0.196071 0.834391 0.032143 0.059645
1 0.471786 0.612944 0.022143 0.040609
1 0.409286 0.560914 0.021429 0.038071
1 0.588214 0.609137 0.019286 0.058376
1 0.776071 0.816624 0.025000 0.067259
1 0.696786 0.447335 0.040714 0.026650
1 0.854643 0.468274 0.047857 0.032995
1 0.861071 0.426396 0.042143 0.035533
1 0.699643 0.403553 0.037857 0.025381
1 0.253571 0.349619 0.032857 0.021574
1 0.078929 0.334391 0.032143 0.019036
1 0.139643 0.369924 0.035000 0.021574
1 0.416786 0.211294 0.016429 0.019036
1 0.444643 0.328046 0.019286 0.024112
1 0.540714 0.142766 0.014286 0.013959
0 0.777143 0.066624 0.002857 0.011421
1 0.828929 0.025381 0.006429 0.010152
1 0.782857 0.040609 0.007143 0.010152
1 0.771071 0.024746 0.006429 0.008883
1 0.759643 0.121827 0.009286 0.012690
1 0.727143 0.173223 0.011429 0.021574
1 0.683214 0.208122 0.012143 0.020305
1 0.637500 0.278553 0.013571 0.024112
1 0.601429 0.305838 0.014286 0.017766
1 0.638214 0.526015 0.019286 0.046954
1 0.571786 0.218909 0.016429 0.016497
1 0.597857 0.265863 0.015714 0.016497
1 0.650714 0.222716 0.012857 0.013959
1 0.678214 0.187183 0.010714 0.013959
1 0.679643 0.149746 0.012143 0.012690
1 0.679286 0.126904 0.010000 0.012690
1 0.688214 0.118020 0.007857 0.010152
1 0.699643 0.116751 0.010714 0.015228
1 0.696071 0.107234 0.009286 0.013959
1 0.709286 0.107868 0.008571 0.015228
1 0.733214 0.111675 0.009286 0.010152
1 0.693929 0.162437 0.010714 0.017766
1 0.751071 0.085660 0.009286 0.013959
1 0.702857 0.078680 0.011429 0.015228