0 0.612500 0.498095 0.010714 0.020952
0 0.527857 0.351429 0.007143 0.026667
0 0.174286 0.812381 0.020000 0.019048
1 0.390357 0.588095 0.060714 0.075238
1 0.444286 0.461905 0.055714 0.059048
1 0.505357 0.442381 0.046429 0.063810
1 0.560000 0.382381 0.044286 0.061905
1 0.635000 0.292857 0.034286 0.046667
1 0.826071 0.057143 0.027857 0.038095
1 0.942143 0.153810 0.025714 0.031429
1 0.983571 0.430000 0.031429 0.069524
1 0.958214 0.494762 0.043571 0.058095
1 0.932500 0.559524 0.046429 0.071429
1 0.841429 0.782857 0.052857 0.091429
0 0.767500 0.763333 0.012143 0.023810