1 0.787857 0.857619 0.045714 0.039048
1 0.533929 0.471429 0.013571 0.020952
1 0.526071 0.412381 0.012143 0.015238
0 0.493214 0.249048 0.002143 0.006667
0 0.495357 0.250000 0.002143 0.006667
0 0.487143 0.276190 0.001429 0.007619
0 0.283929 0.718095 0.005000 0.017143
1 0.560714 0.929524 0.040000 0.070476
0 0.675357 0.738571 0.009286 0.016190
0 0.613214 0.699048 0.005000 0.013333
0 0.829286 0.834286 0.008571 0.015238
0 0.379643 0.428571 0.002143 0.011429
0 0.421071 0.472857 0.003571 0.012381
0 0.402500 0.412381 0.002143 0.011429
0 0.406071 0.393810 0.002143 0.012381
0 0.404643 0.401429 0.002143 0.010476
0 0.410714 0.385238 0.002857 0.010476
0 0.303929 0.437143 0.003571 0.007619
0 0.301071 0.440476 0.003571 0.008571
1 0.466071 0.111905 0.002143 0.002857
1 0.468929 0.109048 0.002143 0.002857
1 0.485357 0.103810 0.002143 0.001905
1 0.805357 0.912381 0.053571 0.040000
1 0.673571 0.551429 0.031429 0.024762
1 0.663929 0.375714 0.007857 0.012381
0 0.602143 0.578571 0.004286 0.016190