1 0.018571 0.158571 0.037143 0.077143
1 0.026786 0.284762 0.052143 0.093333
1 0.074286 0.021905 0.054286 0.043810
1 0.120714 0.022857 0.040000 0.045714
1 0.162500 0.023333 0.042143 0.044762
1 0.204286 0.017619 0.035714 0.035238
1 0.271429 0.015714 0.037143 0.031429
1 0.047143 0.161905 0.064286 0.080000
1 0.113571 0.178571 0.061429 0.084762
1 0.183571 0.167143 0.051429 0.080952
1 0.233214 0.156667 0.050714 0.088571
1 0.279643 0.174762 0.042143 0.090476
1 0.327500 0.165238 0.043571 0.075238
1 0.243214 0.279048 0.055000 0.089524
1 0.127143 0.286667 0.078571 0.110476
1 0.296429 0.275238 0.045714 0.102857
1 0.347857 0.279048 0.047143 0.127619
1 0.502500 0.048571 0.080714 0.064762
0 0.541071 0.057143 0.009286 0.032381
0 0.518214 0.113333 0.012143 0.040000
0 0.538929 0.117143 0.010714 0.038095
0 0.605714 0.448095 0.018571 0.033333
0 0.646429 0.483333 0.017143 0.029524
0 0.673929 0.472857 0.016429 0.018095
1 0.705000 0.652857 0.060000 0.166667
1 0.968929 0.838571 0.062143 0.180000
1 0.877143 0.454762 0.072857 0.107619
1 0.844643 0.356667 0.073571 0.096190
1 0.196786 0.554286 0.067857 0.121905
1 0.053929 0.541429 0.083571 0.128571