1 0.031786 0.658629 0.063571 0.081218
1 0.006786 0.779822 0.013571 0.067259
1 0.034286 0.765228 0.031429 0.083756
1 0.066429 0.770305 0.030000 0.078680
1 0.028929 0.849619 0.035000 0.100254
1 0.130357 0.226523 0.016429 0.041878
1 0.151429 0.219543 0.015714 0.045685
1 0.222857 0.251904 0.034286 0.034264
1 0.228214 0.265228 0.037857 0.035533
1 0.228571 0.282360 0.031429 0.029188
0 0.250357 0.279822 0.007857 0.021574
1 0.158214 0.355330 0.033571 0.027919
1 0.201786 0.445431 0.026429 0.050761
1 0.227857 0.354061 0.020000 0.035533
1 0.221429 0.316624 0.018571 0.036802
0 0.119643 0.095812 0.005000 0.013959
0 0.131429 0.094543 0.004286 0.016497
0 0.134643 0.095812 0.003571 0.013959
0 0.180714 0.123731 0.004286 0.013959
0 0.198929 0.118020 0.005000 0.012690
0 0.212500 0.107234 0.003571 0.024112
0 0.212857 0.092005 0.004286 0.016497
0 0.216786 0.063452 0.003571 0.012690
0 0.218214 0.062817 0.003571 0.013959
0 0.243214 0.092005 0.003571 0.016497
0 0.323571 0.080584 0.002857 0.011421
0 0.326429 0.078680 0.002857 0.017766
0 0.328571 0.091371 0.002857 0.012690
0 0.335357 0.180203 0.003571 0.020305
0 0.336429 0.265863 0.004286 0.021574
0 0.353929 0.348985 0.005000 0.022843
0 0.363929 0.357868 0.003571 0.020305
0 0.368571 0.356599 0.004286 0.020305
0 0.362857 0.399746 0.004286 0.020305
0 0.359286 0.492386 0.005714 0.017766
0 0.357143 0.499365 0.005714 0.011421
0 0.371071 0.548223 0.005000 0.022843
0 0.365357 0.600888 0.005000 0.024112
0 0.352857 0.663071 0.004286 0.021574
0 0.318214 0.795685 0.007857 0.030457
0 0.325714 0.861041 0.004286 0.019036
0 0.330357 0.845178 0.006429 0.020305
0 0.337500 0.841371 0.006429 0.020305
1 0.568571 0.886421 0.022857 0.090102
0 0.608929 0.572335 0.005000 0.022843
1 0.552143 0.690990 0.020000 0.067259
0 0.596429 0.398477 0.004286 0.020305
1 0.545357 0.586929 0.019286 0.059645
1 0.577857 0.573604 0.018571 0.055838
1 0.579286 0.509518 0.017143 0.052030
1 0.580714 0.432107 0.017143 0.059645
1 0.571071 0.373096 0.020714 0.050761
0 0.581429 0.370558 0.005714 0.025381
1 0.554643 0.329315 0.023571 0.039340
1 0.531429 0.242386 0.030000 0.035533
0 0.550000 0.213832 0.005714 0.019036