1 0.141786 0.792381 0.167857 0.108571
1 0.223214 0.722857 0.185000 0.121905
1 0.272143 0.646190 0.197143 0.122857
1 0.295357 0.619048 0.135000 0.095238
1 0.327143 0.598095 0.130000 0.080000
1 0.341429 0.568095 0.111429 0.061905
1 0.380000 0.545714 0.101429 0.064762
1 0.389286 0.511429 0.091429 0.057143
1 0.421429 0.491429 0.080000 0.055238
1 0.430000 0.478571 0.068571 0.035238
1 0.441071 0.465714 0.073571 0.043810
1 0.574643 0.451905 0.046429 0.046667
1 0.527857 0.430000 0.034286 0.040952
0 0.655000 0.395238 0.011429 0.030476
1 0.539643 0.341905 0.010714 0.015238
1 0.542857 0.340000 0.014286 0.013333
1 0.552500 0.326667 0.019286 0.013333
1 0.618571 0.341429 0.027143 0.018095
1 0.626071 0.327619 0.025000 0.017143
0 0.655357 0.383333 0.007857 0.021905
0 0.664286 0.393333 0.008571 0.020952
0 0.565714 0.449524 0.014286 0.030476
1 0.075000 0.887143 0.150000 0.193333