1 0.501071 0.774286 0.046429 0.116190
1 0.294643 0.742381 0.047857 0.128571
1 0.325357 0.562381 0.056429 0.094286
1 0.399286 0.457619 0.047143 0.060000
1 0.605714 0.383333 0.030000 0.033333
1 0.673214 0.307619 0.023571 0.030476
1 0.734286 0.169524 0.030000 0.017143
1 0.462500 0.376190 0.040714 0.047619
0 0.128929 0.383333 0.009286 0.025714
0 0.289643 0.475714 0.007857 0.029524
0 0.275000 0.473333 0.011429 0.036190
0 0.126071 0.548571 0.017857 0.026667
0 0.155714 0.673810 0.024286 0.031429
0 0.112143 0.456667 0.011429 0.040952
0 0.588929 0.150000 0.003571 0.014286
0 0.577143 0.147619 0.004286 0.013333
1 0.558929 0.205238 0.023571 0.023810
1 0.487143 0.226667 0.024286 0.017143
0 0.740000 0.930000 0.018571 0.073333
1 0.707857 0.245238 0.030000 0.027619
1 0.778571 0.116667 0.014286 0.012381
1 0.703214 0.051429 0.013571 0.009524
1 0.759286 0.040000 0.010000 0.009524
1 0.661786 0.102381 0.017857 0.016190
1 0.684643 0.100952 0.015000 0.017143
1 0.717500 0.066667 0.012143 0.011429
1 0.729286 0.072857 0.010000 0.010476
1 0.742500 0.055238 0.010714 0.009524
1 0.766429 0.030000 0.007143 0.008571
1 0.781786 0.010476 0.009286 0.011429
1 0.779286 0.018571 0.010000 0.008571
0 0.763929 0.016190 0.003571 0.005714
1 0.769286 0.100952 0.014286 0.019048
1 0.801429 0.082381 0.015714 0.014286
1 0.843214 0.083810 0.013571 0.015238
1 0.855000 0.080952 0.014286 0.013333
1 0.812143 0.048095 0.014286 0.008571
1 0.830000 0.010476 0.011429 0.009524
0 0.833571 0.116667 0.004286 0.014286
0 0.828214 0.115238 0.003571 0.013333
0 0.753571 0.022381 0.004286 0.006667
0 0.724286 0.050000 0.005714 0.006667
0 0.622857 0.732381 0.010000 0.017143
0 0.599643 0.734762 0.010714 0.016190
0 0.773929 0.389524 0.005000 0.013333
0 0.760714 0.388095 0.004286 0.010476
0 0.617500 0.151905 0.003571 0.006667