1 0.597500 0.345333 0.049000 0.024000
1 0.644000 0.328333 0.036000 0.027333
1 0.682500 0.213667 0.025000 0.015333
1 0.721500 0.302000 0.034000 0.021333
1 0.733000 0.308333 0.036000 0.020667
0 0.402000 0.195000 0.003000 0.008667
0 0.408750 0.196333 0.003500 0.010000
0 0.481000 0.181667 0.003000 0.007333
0 0.413250 0.116333 0.001500 0.003333
0 0.428000 0.126000 0.001000 0.004000
0 0.406250 0.128667 0.001500 0.006667
1 0.430500 0.224000 0.012000 0.014667
1 0.447250 0.232667 0.012500 0.018667
1 0.466250 0.192000 0.009500 0.009333
1 0.454250 0.164667 0.007500 0.008000
1 0.458000 0.153000 0.007000 0.007333
1 0.453000 0.141000 0.006000 0.006000
1 0.443500 0.143667 0.004000 0.008667
1 0.451000 0.137333 0.005000 0.006667
1 0.448750 0.134667 0.004500 0.005333
1 0.439750 0.133667 0.004500 0.007333
1 0.443250 0.140333 0.005500 0.007333
1 0.440750 0.137333 0.005500 0.006667
1 0.446750 0.129000 0.004500 0.004667
1 0.438250 0.130667 0.004500 0.005333
1 0.443500 0.125667 0.004000 0.006000
1 0.436750 0.125333 0.004500 0.006667
1 0.438500 0.122667 0.004000 0.005333
1 0.443750 0.120667 0.003500 0.004000
1 0.442000 0.118000 0.004000 0.004000
1 0.441000 0.115333 0.004000 0.004000
1 0.431250 0.112000 0.004500 0.005333
1 0.438250 0.110667 0.003500 0.004000
1 0.389500 0.078667 0.006000 0.004000
1 0.396750 0.078000 0.006500 0.004000
1 0.411500 0.092000 0.003000 0.002667
1 0.931750 0.341333 0.045500 0.022667
1 0.982250 0.408000 0.035500 0.030667
1 0.590750 0.174000 0.011500 0.009333
1 0.593750 0.168000 0.009500 0.010667
1 0.573000 0.159000 0.010000 0.006000
1 0.576000 0.137333 0.005000 0.006667
1 0.595750 0.159667 0.011500 0.006000
1 0.598000 0.162000 0.011000 0.008000