1 0.328214 0.684762 0.035000 0.060952
1 0.553571 0.363333 0.017143 0.021905
1 0.654643 0.405714 0.017857 0.032381
1 0.752143 0.414286 0.030000 0.019048
1 0.598929 0.265238 0.009286 0.018095
1 0.560714 0.162857 0.005714 0.009524
1 0.542500 0.127143 0.005000 0.006667
1 0.667500 0.151429 0.010714 0.007619
1 0.646071 0.141429 0.013571 0.008571
1 0.623214 0.156190 0.013571 0.007619
1 0.618571 0.150000 0.008571 0.008571
1 0.636429 0.121429 0.005714 0.006667
1 0.628929 0.122857 0.006429 0.007619
0 0.660000 0.329048 0.002857 0.006667
1 0.129643 0.258571 0.022143 0.010476
1 0.135357 0.251905 0.020714 0.012381
1 0.522143 0.075238 0.002857 0.005714
1 0.652500 0.089048 0.009286 0.004762
1 0.456071 0.194286 0.007857 0.011429