1 0.133214 0.759524 0.096429 0.193333
1 0.293929 0.951905 0.082143 0.096190
1 0.318214 0.773810 0.085000 0.210476
1 0.181071 0.588571 0.099286 0.144762
1 0.345000 0.590952 0.064286 0.145714
1 0.743929 0.940476 0.175000 0.119048
0 0.747500 0.823810 0.032143 0.047619
1 0.707857 0.779524 0.122857 0.113333
0 0.848929 0.697143 0.030714 0.034286
1 0.790357 0.331429 0.100714 0.060952
1 0.785714 0.291905 0.094286 0.060000
1 0.745000 0.185714 0.074286 0.059048
1 0.761786 0.151905 0.075000 0.050476
0 0.757857 0.083333 0.011429 0.033333
0 0.770357 0.088571 0.015000 0.036190
1 0.780000 0.130476 0.084286 0.057143
1 0.735357 0.027619 0.053571 0.053333
0 0.685000 0.180000 0.014286 0.040000
1 0.855000 0.053333 0.041429 0.034286
1 0.633929 0.014286 0.060714 0.028571
1 0.576429 0.147143 0.037143 0.056190
1 0.587857 0.213810 0.035714 0.061905
1 0.595714 0.280476 0.041429 0.080952
1 0.735714 0.581429 0.067143 0.157143
0 0.751071 0.505238 0.017857 0.044762
0 0.765000 0.488095 0.017143 0.042857
0 0.808571 0.540476 0.017143 0.039048
1 0.359286 0.444286 0.055714 0.124762
0 0.307857 0.316667 0.014286 0.042857
1 0.378571 0.325714 0.044286 0.087619
1 0.273571 0.425238 0.071429 0.155238
1 0.247143 0.333333 0.051429 0.095238
1 0.388214 0.245714 0.042143 0.078095
1 0.405000 0.123333 0.037143 0.061905
1 0.264286 0.254762 0.047143 0.082857
0 0.426071 0.048571 0.010714 0.034286
1 0.238929 0.094286 0.073571 0.049524
1 0.210000 0.067619 0.075714 0.062857
0 0.186429 0.024762 0.015714 0.032381
0 0.295714 0.030476 0.012857 0.032381
1 0.299286 0.020000 0.054286 0.040000
0 0.125714 0.290952 0.021429 0.040952
0 0.129643 0.286667 0.022143 0.038095