1 0.056429 0.073604 0.030000 0.078680
1 0.320000 0.080584 0.035714 0.031726
1 0.296786 0.201777 0.042143 0.032995
1 0.381071 0.088832 0.039286 0.035533
1 0.128214 0.175127 0.045000 0.040609
1 0.191071 0.060914 0.039286 0.035533
1 0.264286 0.067893 0.034286 0.031726
1 0.319286 0.156726 0.048571 0.039340
1 0.115714 0.362944 0.042857 0.032995
1 0.362500 0.119924 0.042143 0.034264
1 0.440714 0.047589 0.041429 0.039340
1 0.438929 0.093274 0.036429 0.034264
1 0.435357 0.130711 0.040714 0.035533
1 0.386071 0.173223 0.039286 0.029188
1 0.447143 0.179569 0.038571 0.034264
1 0.444643 0.220178 0.042143 0.036802
1 0.403571 0.397843 0.041429 0.031726
1 0.562143 0.349619 0.044286 0.034264
1 0.620000 0.405457 0.041429 0.031726
1 0.743214 0.342005 0.046429 0.034264
1 0.578571 0.633883 0.015714 0.074873
1 0.578929 0.744289 0.017857 0.074873
1 0.552500 0.670051 0.016429 0.060914
1 0.550714 0.776015 0.017143 0.069797
1 0.574286 0.852157 0.018571 0.067259
1 0.546071 0.873731 0.015000 0.074873
0 0.736429 0.677665 0.004286 0.012690
0 0.735000 0.962563 0.007143 0.013959
0 0.733214 0.989848 0.009286 0.015228
0 0.890357 0.042513 0.009286 0.011421
0 0.897500 0.025381 0.007857 0.012690
1 0.927500 0.350254 0.050714 0.030457
1 0.972500 0.399112 0.049286 0.034264
1 0.776071 0.390863 0.042143 0.030457
0 0.780714 0.480330 0.004286 0.008883
0 0.767500 0.539975 0.006429 0.011421
0 0.772500 0.545051 0.006429 0.011421
0 0.785714 0.550127 0.008571 0.008883
0 0.782857 0.532995 0.008571 0.010152
0 0.793214 0.543782 0.009286 0.008883
0 0.795000 0.535533 0.005714 0.007614
0 0.793571 0.585025 0.007143 0.010152