1 0.710357 0.928299 0.070714 0.140863
0 0.657857 0.858503 0.012857 0.036802
1 0.666786 0.778553 0.060714 0.153553
1 0.628571 0.637056 0.055714 0.139594
1 0.612500 0.361041 0.046429 0.095178
1 0.662500 0.290609 0.062143 0.060914
1 0.920714 0.159898 0.057143 0.058376
1 0.971786 0.137056 0.049286 0.055838
1 0.321786 0.444162 0.080714 0.088832
0 0.385357 0.607234 0.010714 0.034264
0 0.370000 0.616751 0.012857 0.027919
1 0.359643 0.204949 0.032143 0.082487
1 0.368571 0.060914 0.034286 0.096447
1 0.270357 0.024112 0.032143 0.048223