0 0.697143 0.400000 0.017143 0.038095
1 0.727857 0.343810 0.027143 0.030476
1 0.681786 0.315714 0.019286 0.023810
1 0.680000 0.299524 0.040000 0.021905
1 0.731429 0.300952 0.030000 0.022857
1 0.630000 0.308571 0.024286 0.026667
1 0.705714 0.315714 0.024286 0.029524
1 0.661786 0.329524 0.047857 0.034286
1 0.606071 0.326667 0.056429 0.026667
1 0.568571 0.293810 0.041429 0.023810
1 0.528571 0.300000 0.024286 0.030476
1 0.519286 0.320476 0.030000 0.023810
0 0.498214 0.410476 0.012143 0.041905
0 0.545714 0.497619 0.017143 0.058095
0 0.549286 0.220952 0.005714 0.017143
0 0.551429 0.219524 0.005714 0.016190