0 0.465357 0.664286 0.036429 0.101905
0 0.351786 0.615714 0.020714 0.067619
0 0.039643 0.610952 0.025000 0.040952
1 0.176071 0.604286 0.103571 0.067619
1 0.357500 0.596190 0.090714 0.051429
1 0.446786 0.596667 0.097857 0.067619
1 0.487143 0.573810 0.050000 0.025714
1 0.559643 0.571429 0.050714 0.034286
1 0.592500 0.566667 0.062143 0.028571
1 0.641071 0.550000 0.017857 0.020000
1 0.626429 0.548095 0.014286 0.014286
1 0.904643 0.558571 0.085000 0.035238
0 0.910714 0.606190 0.031429 0.056190
0 0.689286 0.630476 0.032857 0.066667
0 0.681786 0.621429 0.029286 0.077143
0 0.707500 0.591905 0.020714 0.065714
0 0.479643 0.610476 0.022143 0.076190
0 0.770714 0.587143 0.022857 0.044762
0 0.462143 0.561905 0.005714 0.013333