1 0.131429 0.967619 0.078571 0.059048
1 0.227500 0.949048 0.066429 0.052381
1 0.692857 0.839048 0.052857 0.043810
1 0.761429 0.821905 0.052857 0.038095
1 0.477143 0.365238 0.020000 0.060000
1 0.529643 0.463333 0.026429 0.067619
1 0.317143 0.922381 0.061429 0.046667
1 0.383929 0.905238 0.056429 0.042857
1 0.446429 0.900000 0.057143 0.045714
1 0.295000 0.762381 0.060000 0.040952
1 0.367143 0.745238 0.060000 0.042857
1 0.429286 0.727619 0.057143 0.043810
1 0.621071 0.851905 0.053571 0.042857
1 0.446786 0.381429 0.025000 0.058095
1 0.460357 0.476190 0.025000 0.059048
1 0.514286 0.543810 0.025714 0.068571
1 0.498214 0.265714 0.025000 0.059048
1 0.488929 0.203333 0.025000 0.058095
1 0.425357 0.143333 0.025000 0.054286
1 0.481786 0.153810 0.023571 0.042857
1 0.417857 0.090952 0.021429 0.048571
1 0.468214 0.053333 0.017857 0.040000
1 0.485714 0.454286 0.022857 0.070476
0 0.480714 0.287619 0.007143 0.017143
0 0.485714 0.325238 0.007143 0.023810
0 0.435714 0.484286 0.007143 0.018095
0 0.436786 0.542857 0.006429 0.017143
0 0.454643 0.622381 0.007857 0.021905
0 0.579286 0.635238 0.007143 0.011429
0 0.573929 0.621905 0.005000 0.015238
0 0.579286 0.611905 0.005714 0.016190
0 0.390000 0.785238 0.008571 0.016190
0 0.397143 0.785714 0.007143 0.013333
0 0.533929 0.643333 0.012143 0.020000