0 0.223929 0.162381 0.017857 0.027619
0 0.289286 0.197619 0.015714 0.027619
1 0.288571 0.958095 0.040000 0.081905
0 0.270000 0.904286 0.017143 0.029524
0 0.259286 0.802381 0.014286 0.023810
0 0.267857 0.797619 0.015714 0.025714
1 0.376071 0.863810 0.039286 0.120000
0 0.263929 0.557619 0.012143 0.012381
0 0.267500 0.535714 0.012143 0.016190
0 0.285000 0.441905 0.011429 0.019048
1 0.370357 0.460000 0.033571 0.095238
1 0.374643 0.334286 0.037857 0.102857
1 0.378929 0.209048 0.040714 0.101905
1 0.507143 0.043810 0.031429 0.087619
1 0.515714 0.377143 0.034286 0.097143
1 0.520357 0.514286 0.035000 0.097143
1 0.518929 0.648095 0.035000 0.115238
1 0.514286 0.789048 0.034286 0.109524
1 0.524643 0.929048 0.036429 0.130476
0 0.257143 0.310476 0.011429 0.022857