1 0.023929 0.026015 0.016429 0.013959
1 0.043214 0.026650 0.017857 0.015228
1 0.083571 0.029822 0.017143 0.013959
1 0.065714 0.029188 0.012857 0.012690
1 0.105714 0.030457 0.017143 0.015228
1 0.126429 0.027919 0.011429 0.017766
1 0.141429 0.028553 0.011429 0.016497
1 0.157500 0.010787 0.015000 0.011421
1 0.149286 0.031091 0.008571 0.016497
1 0.156429 0.031091 0.008571 0.016497
1 0.185357 0.032360 0.009286 0.019036
1 0.208571 0.034898 0.008571 0.016497
1 0.222500 0.035533 0.007857 0.015228
1 0.165714 0.029822 0.010000 0.019036
1 0.193571 0.031726 0.010000 0.017766
1 0.232857 0.036168 0.010000 0.016497
1 0.246071 0.036168 0.010714 0.019036
1 0.201071 0.097081 0.016429 0.013959
1 0.208571 0.108503 0.015714 0.011421
1 0.315714 0.038706 0.010000 0.016497
1 0.335357 0.039975 0.007857 0.019036
1 0.343929 0.041244 0.007857 0.016497
1 0.352857 0.041244 0.008571 0.019036
1 0.249286 0.105330 0.014286 0.012690
1 0.284286 0.118655 0.015714 0.011421
1 0.399643 0.147208 0.015000 0.017766
1 0.351429 0.128173 0.015714 0.015228
0 0.126786 0.279822 0.005000 0.008883
0 0.102857 0.329949 0.004286 0.010152
0 0.167500 0.341371 0.003571 0.007614
0 0.172857 0.343274 0.002857 0.006345
0 0.190357 0.348985 0.003571 0.010152
0 0.193571 0.352157 0.002857 0.008883
0 0.153571 0.338832 0.002857 0.010152
0 0.156786 0.337563 0.002143 0.007614
1 0.117143 0.444797 0.017143 0.019036
1 0.028214 0.461294 0.019286 0.021574
1 0.037500 0.578046 0.017857 0.021574
1 0.135000 0.668147 0.020000 0.021574
1 0.235714 0.592005 0.017143 0.019036
1 0.242500 0.407995 0.020714 0.019036
0 0.277500 0.305203 0.003571 0.011421
0 0.281071 0.307107 0.002143 0.012690
1 0.361429 0.890863 0.012857 0.045685
1 0.399643 0.869924 0.012143 0.052030
1 0.405714 0.789340 0.011429 0.048223
1 0.410357 0.729695 0.012143 0.045685
1 0.319643 0.715736 0.022143 0.017766
1 0.327143 0.592640 0.015714 0.015228
1 0.357857 0.489848 0.015714 0.015228
1 0.381786 0.494289 0.017857 0.016497
1 0.416429 0.657360 0.011429 0.038071
1 0.421071 0.599619 0.010714 0.036802
1 0.409643 0.388325 0.009286 0.027919
1 0.435714 0.393401 0.008571 0.027919
1 0.423571 0.241117 0.008571 0.022843
1 0.431429 0.305203 0.008571 0.026650
1 0.450357 0.199873 0.007857 0.024112
1 0.437143 0.042513 0.007143 0.019036
1 0.585357 0.022843 0.015000 0.012690
1 0.585357 0.031726 0.013571 0.012690
1 0.587500 0.048858 0.015000 0.013959
1 0.638214 0.011421 0.010714 0.012690
1 0.636786 0.016497 0.015000 0.015228
1 0.635357 0.027284 0.013571 0.011421
0 0.660000 0.050127 0.004286 0.008883
0 0.758214 0.022843 0.002143 0.010152
0 0.751786 0.075508 0.003571 0.006345
0 0.753214 0.036168 0.002143 0.008883
0 0.732500 0.045685 0.002143 0.007614
1 0.607500 0.146574 0.015000 0.013959
1 0.625714 0.147843 0.014286 0.013959
1 0.643929 0.149746 0.016429 0.015228
1 0.993571 0.364213 0.011429 0.020305
1 0.983214 0.364213 0.013571 0.017766
1 0.974643 0.362944 0.012143 0.020305
1 0.959286 0.368020 0.014286 0.017766
1 0.975357 0.692893 0.022143 0.025381
1 0.864643 0.816624 0.019286 0.026650
1 0.840000 0.846447 0.022857 0.030457
0 0.815714 0.933376 0.002857 0.006345
0 0.827143 0.918782 0.004286 0.007614
1 0.781071 0.913071 0.023571 0.034264
1 0.805357 0.892132 0.022143 0.032995
1 0.942857 0.431472 0.015714 0.015228
1 0.925357 0.453046 0.017857 0.015228
1 0.951786 0.532995 0.017857 0.017766
1 0.923214 0.496827 0.019286 0.019036
1 0.893929 0.453046 0.019286 0.017766
1 0.861429 0.439721 0.017143 0.016497
1 0.866786 0.473985 0.016429 0.016497
1 0.868929 0.519670 0.017857 0.016497
1 0.833214 0.602792 0.017857 0.020305
1 0.817500 0.447335 0.019286 0.016497
1 0.826786 0.473350 0.017857 0.015228
1 0.573571 0.699239 0.021429 0.017766
1 0.763214 0.617386 0.016429 0.021574
1 0.712857 0.578680 0.020000 0.020305
1 0.750000 0.505076 0.020000 0.017766
1 0.658929 0.507614 0.020714 0.020305
1 0.450000 0.663706 0.021429 0.020305
1 0.448214 0.519036 0.023571 0.022843
1 0.462857 0.601523 0.022857 0.017766
1 0.453214 0.694162 0.017857 0.017766
1 0.482143 0.663071 0.020000 0.019036
1 0.500357 0.727157 0.023571 0.022843
0 0.500357 0.667513 0.005000 0.007614
1 0.515000 0.606599 0.021429 0.015228
1 0.616786 0.475888 0.019286 0.015228
1 0.732143 0.458756 0.017143 0.013959
1 0.776429 0.461929 0.015714 0.015228
1 0.652500 0.366117 0.017857 0.016497
1 0.678929 0.387690 0.010714 0.029188
1 0.745000 0.357234 0.018571 0.016497
1 0.745000 0.343909 0.017143 0.020305
1 0.745357 0.331218 0.017857 0.017766