0 0.558000 0.642667 0.026000 0.060000
0 0.598750 0.397000 0.014500 0.038000
1 0.566000 0.887000 0.193000 0.118000
0 0.480000 0.351333 0.011000 0.034667
1 0.193500 0.450333 0.067000 0.103333
1 0.406250 0.439000 0.084500 0.123333
1 0.255500 0.463333 0.086000 0.133333
1 0.692750 0.421667 0.085500 0.083333
1 0.403750 0.037000 0.030500 0.018000
1 0.418500 0.090333 0.020000 0.031333
1 0.424500 0.015000 0.008000 0.008667
1 0.406250 0.029667 0.019500 0.014000
1 0.409500 0.026667 0.024000 0.014667
1 0.409750 0.021667 0.021500 0.010000