1 0.488214 0.977619 0.022143 0.044762
1 0.594643 0.983810 0.020714 0.032381
1 0.585714 0.863810 0.022857 0.066667
1 0.556786 0.282381 0.025000 0.073333
1 0.453929 0.312857 0.025000 0.075238
1 0.448571 0.221905 0.027143 0.076190
1 0.549643 0.201429 0.023571 0.069524
1 0.440357 0.140952 0.026429 0.076190
1 0.552857 0.130000 0.024286 0.069524
1 0.547143 0.029048 0.021429 0.058095
1 0.566071 0.488095 0.026429 0.079048
1 0.563929 0.384762 0.025000 0.076190
0 0.401429 0.141429 0.008571 0.018095
0 0.399643 0.128571 0.007857 0.019048
0 0.355000 0.028095 0.011429 0.021905
0 0.376786 0.031429 0.012143 0.017143
0 0.411071 0.018095 0.009286 0.017143