0 0.434286 0.160000 0.005714 0.019048
0 0.589643 0.120952 0.005000 0.015238
1 0.284286 0.263810 0.020000 0.034286
1 0.212500 0.339524 0.042143 0.033333
1 0.330714 0.560476 0.041429 0.033333
1 0.247857 0.504762 0.042857 0.038095
1 0.619643 0.325238 0.039286 0.029524
0 0.531429 0.420952 0.005714 0.017143
1 0.488929 0.982857 0.057857 0.034286
0 0.699286 0.476667 0.008571 0.020000
1 0.711786 0.492857 0.023571 0.040952
1 0.784643 0.329524 0.020714 0.032381
1 0.811786 0.336190 0.027857 0.038095
1 0.829643 0.335238 0.026429 0.036190
1 0.854286 0.330476 0.028571 0.040000
1 0.853214 0.278095 0.026429 0.032381
1 0.906429 0.287619 0.037143 0.022857
1 0.922143 0.313810 0.038571 0.025714
1 0.940357 0.330952 0.039286 0.025714
1 0.971786 0.342857 0.037857 0.026667
1 0.933214 0.356190 0.039286 0.024762
1 0.943214 0.377143 0.037857 0.024762
1 0.981786 0.365238 0.036429 0.027619
1 0.985714 0.398095 0.028571 0.026667
0 0.935714 0.411905 0.008571 0.018095