1 0.764286 0.417513 0.022857 0.076142
1 0.190357 0.053934 0.027857 0.046954
1 0.286429 0.188452 0.028571 0.054569
1 0.312500 0.292513 0.033571 0.072335
1 0.372500 0.428299 0.047857 0.057107
1 0.437500 0.483503 0.053571 0.038071
1 0.371429 0.344543 0.038571 0.052030
1 0.428571 0.401015 0.047143 0.043147
1 0.195714 0.755076 0.040000 0.098985
1 0.626786 0.633249 0.059286 0.104061
1 0.322143 0.872462 0.054286 0.085025
1 0.247500 0.110406 0.030714 0.058376
1 0.496071 0.042513 0.030714 0.046954
1 0.621429 0.095178 0.042857 0.055838
1 0.722857 0.013325 0.034286 0.026650
0 0.638571 0.314721 0.005714 0.020305
0 0.720357 0.411802 0.007857 0.021574
0 0.685357 0.432107 0.009286 0.026650
0 0.551071 0.138959 0.007857 0.026650
0 0.499286 0.101523 0.007143 0.022843
0 0.751429 0.039340 0.007143 0.027919
0 0.766071 0.014594 0.006429 0.016497
0 0.762143 0.010152 0.005714 0.020305
1 0.622500 0.924492 0.055000 0.110406
1 0.581786 0.951142 0.059286 0.095178
1 0.549286 0.984137 0.030000 0.029188