1 0.856733 0.841837 0.048539 0.067718
1 0.866388 0.777829 0.036534 0.056586
1 0.895877 0.690167 0.043319 0.063080
1 0.916493 0.615028 0.044885 0.063080
1 0.951200 0.480056 0.042276 0.041744
1 0.720251 0.134508 0.016701 0.040816
1 0.717641 0.345083 0.024008 0.064935
1 0.582463 0.378942 0.036534 0.058442
1 0.530271 0.478664 0.042797 0.063080
0 0.507829 0.518553 0.007307 0.025974
1 0.360647 0.764842 0.050104 0.084416
1 0.030532 0.799629 0.045407 0.085343
1 0.128132 0.967532 0.050626 0.063080
0 0.099948 0.288497 0.010960 0.016698
1 0.138831 0.346475 0.024008 0.054731
1 0.162839 0.182746 0.037578 0.031540