1 0.796429 0.897143 0.097143 0.205714
1 0.763214 0.667619 0.080714 0.192381
1 0.496786 0.943810 0.073571 0.112381
1 0.489286 0.574286 0.068571 0.203810
0 0.382500 0.389048 0.023571 0.039048
0 0.456429 0.543333 0.030000 0.048571
1 0.743929 0.465714 0.073571 0.190476
1 0.365357 0.159524 0.116429 0.075238
0 0.319643 0.115238 0.022143 0.045714
0 0.302500 0.097619 0.019286 0.044762
1 0.322857 0.030952 0.122857 0.061905
0 0.234643 0.600000 0.039286 0.032381
0 0.193571 0.561905 0.034286 0.036190
0 0.144643 0.600476 0.037857 0.040952