1 0.036786 0.209391 0.063571 0.091371
1 0.095714 0.256980 0.072857 0.090102
1 0.159643 0.307107 0.072143 0.093909
1 0.226786 0.361675 0.073571 0.088832
1 0.295714 0.408629 0.088571 0.121827
0 0.061071 0.166244 0.012143 0.038071
1 0.396429 0.103426 0.065714 0.110406
1 0.413214 0.033629 0.053571 0.067259
1 0.723214 0.017132 0.069286 0.031726
0 0.849643 0.718909 0.019286 0.054569
0 0.916786 0.447335 0.013571 0.031726
1 0.726786 0.085660 0.037857 0.052030
1 0.703571 0.065355 0.038571 0.052030
1 0.680357 0.103426 0.040714 0.064721
1 0.623214 0.065355 0.037857 0.074873
1 0.591071 0.020939 0.042143 0.041878
1 0.620357 0.026015 0.035000 0.046954
1 0.650000 0.039340 0.034286 0.050761
1 0.673571 0.052665 0.034286 0.046954
1 0.647857 0.093274 0.034286 0.049492
0 0.152143 0.734137 0.017143 0.044416
0 0.015000 0.931472 0.030000 0.048223
0 0.282143 0.879442 0.015714 0.053299