0 0.386071 0.023333 0.005000 0.010476
0 0.390714 0.039524 0.005714 0.012381
1 0.431429 0.202381 0.011429 0.029524
0 0.405000 0.246667 0.005714 0.009524
1 0.539643 0.482857 0.012143 0.030476
1 0.200714 0.882857 0.017143 0.032381
1 0.289643 0.952857 0.010714 0.031429
1 0.300714 0.956190 0.011429 0.030476
1 0.312857 0.954286 0.011429 0.030476
1 0.325714 0.950476 0.011429 0.030476
1 0.337500 0.952857 0.012143 0.031429
1 0.353214 0.950000 0.010714 0.027619
1 0.365000 0.947619 0.010000 0.030476
1 0.376429 0.947619 0.012857 0.030476
1 0.611071 0.942381 0.020714 0.018095
1 0.612143 0.958571 0.021429 0.014286
1 0.613214 0.974762 0.019286 0.016190
1 0.613929 0.993810 0.023571 0.012381
1 0.726786 0.556667 0.025000 0.021905
1 0.694643 0.539048 0.010714 0.032381
1 0.691071 0.842381 0.023571 0.018095