1 0.128392 0.862709 0.030271 0.042672
0 0.082985 0.799165 0.007307 0.021336
1 0.028706 0.667904 0.039666 0.024119
1 0.065240 0.630798 0.035491 0.025974
0 0.163361 0.555195 0.004175 0.013915
1 0.110647 0.508349 0.028184 0.018553
1 0.114562 0.504638 0.025574 0.020408
1 0.118737 0.495362 0.027662 0.018553
0 0.205898 0.438776 0.003653 0.011132
0 0.192589 0.442950 0.003132 0.008349
1 0.199635 0.375232 0.009916 0.012059
0 0.219990 0.383117 0.003653 0.011132
0 0.221816 0.379406 0.003132 0.012987
1 0.206681 0.359926 0.015658 0.012987
1 0.198330 0.355751 0.010438 0.013915
1 0.193894 0.355751 0.008873 0.012059
1 0.238257 0.313544 0.009916 0.011132
1 0.229123 0.297310 0.009395 0.008349
1 0.247651 0.268089 0.007829 0.007421
1 0.249217 0.264378 0.006785 0.007421
1 0.320198 0.430891 0.014092 0.017625
1 0.313935 0.375696 0.007829 0.014842
1 0.313152 0.352968 0.007307 0.012059
1 0.313674 0.246753 0.003132 0.007421
1 0.313674 0.238868 0.006263 0.006494
1 0.302192 0.284787 0.004175 0.009276
0 0.297234 0.297310 0.001566 0.004638
1 0.728601 0.870594 0.049061 0.039889
0 0.779228 0.889610 0.007307 0.025974
0 0.793841 0.891929 0.006263 0.026902
1 0.610908 0.740260 0.033925 0.040816
1 0.635438 0.717996 0.033925 0.029685
1 0.611691 0.665584 0.029228 0.026902
0 0.584812 0.637291 0.005741 0.011132
0 0.588727 0.590909 0.005219 0.020408
1 0.541493 0.553803 0.022443 0.020408
1 0.499739 0.773655 0.044363 0.035250
0 0.487213 0.654917 0.003653 0.012987
0 0.486430 0.651206 0.005219 0.014842
1 0.429019 0.557514 0.024008 0.025974
0 0.440762 0.537570 0.004697 0.012059
0 0.524008 0.506494 0.003132 0.012987
0 0.519833 0.504638 0.004175 0.011132
1 0.498956 0.499072 0.018789 0.018553
1 0.403706 0.471243 0.018267 0.018553
0 0.450418 0.486085 0.003132 0.014842
0 0.468424 0.481447 0.003653 0.011132
0 0.489823 0.476345 0.004697 0.012059
1 0.491388 0.471707 0.019311 0.015770
1 0.438935 0.423933 0.017745 0.012987
1 0.359603 0.322356 0.009395 0.010204
1 0.357777 0.317254 0.009916 0.009276
1 0.356994 0.309833 0.008351 0.009276
1 0.385960 0.306586 0.009916 0.008349
1 0.382307 0.304267 0.008873 0.005566
1 0.379697 0.298237 0.003653 0.008349
1 0.396660 0.301948 0.009395 0.006494
1 0.355428 0.263915 0.003132 0.006494