1 0.174643 0.954949 0.075000 0.087563
1 0.198214 0.883883 0.072143 0.074873
1 0.211071 0.822970 0.067857 0.059645
1 0.251786 0.684645 0.056429 0.064721
1 0.310714 0.468909 0.025714 0.052030
1 0.300714 0.399112 0.025714 0.041878
1 0.160000 0.532995 0.032857 0.055838
1 0.223929 0.424492 0.030714 0.077411
1 0.327500 0.207487 0.035000 0.034264
1 0.254643 0.206218 0.033571 0.031726
1 0.516071 0.225254 0.023571 0.044416
1 0.564286 0.277284 0.024286 0.044416
1 0.730357 0.371193 0.037857 0.085025
1 0.518571 0.056472 0.015714 0.031726
1 0.561429 0.072335 0.017143 0.027919
1 0.580357 0.177665 0.020714 0.045685