1 0.197143 0.558571 0.074286 0.160952
1 0.257500 0.340000 0.049286 0.091429
1 0.281429 0.253333 0.042857 0.072381
1 0.312857 0.131429 0.035714 0.057143
1 0.294286 0.199048 0.037143 0.055238
1 0.336786 0.046190 0.025000 0.037143
1 0.353214 0.015714 0.020714 0.029524
1 0.442500 0.120000 0.023571 0.040000
0 0.504643 0.070476 0.006429 0.028571
0 0.480357 0.236667 0.007857 0.037143
0 0.517857 0.325714 0.012857 0.041905
1 0.529643 0.220000 0.032143 0.045714
0 0.562857 0.170000 0.008571 0.029524
1 0.537500 0.107143 0.043571 0.031429
1 0.557857 0.123810 0.054286 0.040000
1 0.548214 0.300000 0.035000 0.059048
1 0.564643 0.413333 0.045000 0.081905
1 0.581786 0.593333 0.056429 0.129524
0 0.621786 0.599048 0.017857 0.049524
0 0.527500 0.791905 0.019286 0.044762
0 0.543214 0.803333 0.012143 0.050476
0 0.565000 0.800952 0.020000 0.053333