1 0.230357 0.992857 0.057857 0.014286
1 0.157143 0.993810 0.050000 0.012381
1 0.230714 0.962857 0.055714 0.041905
1 0.161071 0.957619 0.057857 0.040952
1 0.164286 0.879048 0.055714 0.038095
1 0.231786 0.911905 0.060714 0.042857
1 0.235357 0.865238 0.057857 0.035238
1 0.236786 0.823810 0.057857 0.038095
1 0.242500 0.781905 0.050714 0.036190
1 0.246071 0.732857 0.062143 0.037143
1 0.172857 0.748095 0.055714 0.035238
1 0.171071 0.707143 0.057857 0.033333
1 0.174286 0.669048 0.060000 0.033333
1 0.178214 0.624762 0.056429 0.034286
1 0.246786 0.678095 0.059286 0.034286
0 0.568571 0.653333 0.012857 0.022857
1 0.523571 0.360000 0.017143 0.060952
0 0.493214 0.070476 0.005000 0.020952
0 0.488214 0.490000 0.006429 0.023810