1 0.118929 0.050000 0.020714 0.029524
1 0.148929 0.174286 0.029286 0.043810
1 0.184286 0.220000 0.024286 0.043810
0 0.254286 0.053810 0.005714 0.020000
0 0.108929 0.336667 0.012143 0.021905
0 0.090000 0.407619 0.012857 0.022857
0 0.185000 0.426190 0.011429 0.021905
1 0.295000 0.355714 0.041429 0.048571
1 0.208214 0.360476 0.027857 0.056190
0 0.273929 0.317619 0.007857 0.010476
1 0.397143 0.389524 0.052857 0.055238
0 0.132143 0.265714 0.008571 0.017143
0 0.178929 0.320476 0.009286 0.012381
0 0.176071 0.467143 0.009286 0.012381
0 0.152500 0.261429 0.010714 0.014286
0 0.147143 0.290952 0.007143 0.012381
0 0.139643 0.255238 0.009286 0.011429
0 0.134643 0.530952 0.016429 0.020000
0 0.120000 0.575238 0.011429 0.017143
1 0.153214 0.643333 0.042143 0.084762
0 0.268929 0.553810 0.006429 0.012381
1 0.275714 0.807143 0.070000 0.082857
1 0.119643 0.777143 0.053571 0.068571
1 0.140714 0.719048 0.045714 0.053333
0 0.092500 0.831429 0.020714 0.011429
0 0.567500 0.057143 0.003571 0.013333
1 0.624643 0.072381 0.033571 0.019048
1 0.626429 0.089524 0.032857 0.020952
1 0.642500 0.015714 0.039286 0.021905
1 0.622143 0.108095 0.025714 0.021905
1 0.588214 0.216190 0.042143 0.024762
1 0.583571 0.231905 0.045714 0.027619
1 0.627857 0.061905 0.034286 0.017143
1 0.603571 0.458095 0.031429 0.062857
1 0.551786 0.421429 0.039286 0.029524
0 0.571786 0.573333 0.009286 0.019048
1 0.488929 0.489524 0.033571 0.070476
1 0.499286 0.414762 0.021429 0.079048
1 0.744286 0.054762 0.035714 0.035238
0 0.558571 0.873810 0.008571 0.012381
1 0.725000 0.449524 0.051429 0.036190
1 0.733214 0.397143 0.050714 0.036190
1 0.733214 0.370952 0.052143 0.037143
1 0.734286 0.346667 0.047143 0.036190
1 0.735357 0.303810 0.046429 0.032381
1 0.735000 0.280476 0.048571 0.031429