1 0.633571 0.956853 0.054286 0.083756
1 0.615000 0.699239 0.045714 0.096447
1 0.662500 0.628807 0.062143 0.062183
1 0.909286 0.505711 0.054286 0.059645
1 0.961786 0.481599 0.057857 0.054569
1 0.320000 0.784264 0.080000 0.091371
1 0.364643 0.546320 0.030714 0.079949
1 0.377500 0.413071 0.030714 0.085025
1 0.372500 0.247462 0.022143 0.045685
1 0.284643 0.362944 0.027857 0.073604
0 0.023571 0.451777 0.011429 0.038071
0 0.018571 0.444797 0.010000 0.036802
0 0.007143 0.319162 0.011429 0.029188
1 0.517500 0.263959 0.053571 0.038071