1 0.553000 0.966333 0.091000 0.067333
0 0.372250 0.774000 0.018500 0.040000
1 0.406000 0.364667 0.043000 0.016000
1 0.395500 0.351667 0.029000 0.018000
1 0.224250 0.362000 0.041500 0.020000
1 0.222000 0.352333 0.042000 0.018000
1 0.224500 0.335667 0.034000 0.016667
1 0.220750 0.316667 0.024500 0.014667
1 0.441500 0.307667 0.015000 0.018000
1 0.396500 0.296000 0.020000 0.012000
1 0.342750 0.312667 0.028500 0.013333
1 0.307250 0.315667 0.025500 0.012667
1 0.304500 0.312667 0.026000 0.012000
1 0.302500 0.309333 0.026000 0.012000
1 0.304750 0.306667 0.026500 0.012000
1 0.298250 0.305333 0.026500 0.012000
1 0.295000 0.302667 0.028000 0.012000
1 0.292250 0.300667 0.027500 0.012000
1 0.293750 0.298667 0.027500 0.012000
1 0.292500 0.296667 0.028000 0.012000
1 0.292750 0.294000 0.027500 0.012000
1 0.284250 0.286667 0.023500 0.009333
1 0.279500 0.281667 0.022000 0.008667
1 0.277250 0.277000 0.022500 0.008667
1 0.310250 0.286667 0.018500 0.010667
1 0.307250 0.286000 0.018500 0.010667
1 0.306750 0.280333 0.015500 0.010000
1 0.299750 0.278000 0.019500 0.010667
1 0.296250 0.274667 0.019500 0.010667
1 0.386250 0.289333 0.021500 0.010667
1 0.373000 0.282333 0.018000 0.010000
1 0.371000 0.280667 0.018000 0.009333
1 0.365750 0.278333 0.013500 0.008667
1 0.329750 0.271333 0.007500 0.008000