1 0.388048 0.876623 0.050626 0.139147
1 0.423278 0.637755 0.034447 0.084416
1 0.485386 0.244434 0.011482 0.036178
1 0.702766 0.622913 0.071503 0.054731
1 0.676148 0.591837 0.066284 0.055659
0 0.548800 0.753711 0.012004 0.032468
1 0.641441 0.676716 0.035491 0.110390
0 0.663100 0.529221 0.007829 0.032468
0 0.555324 0.454082 0.006263 0.028757
0 0.547495 0.447588 0.005219 0.028757
0 0.551409 0.362245 0.004697 0.023191
0 0.536795 0.314471 0.005741 0.018553
0 0.609864 0.285250 0.004697 0.023191
1 0.544885 0.209184 0.018789 0.017625
0 0.530271 0.211503 0.004175 0.009276
1 0.460073 0.134045 0.009916 0.015770
1 0.411013 0.119202 0.012004 0.013915
1 0.407359 0.115028 0.016180 0.012987
0 0.510438 0.145176 0.003132 0.010204
1 0.334029 0.095547 0.017745 0.014842
0 0.602818 0.456865 0.007307 0.032468
1 0.502349 0.113636 0.007829 0.012059
1 0.519311 0.107607 0.007307 0.012987
1 0.529749 0.109926 0.007307 0.012059
1 0.517745 0.091837 0.007307 0.014842
0 0.550365 0.151206 0.002610 0.012987
0 0.543058 0.151206 0.002610 0.011132
0 0.535752 0.156308 0.003653 0.010204
0 0.542015 0.081169 0.002610 0.010204
0 0.510699 0.100649 0.002610 0.006494
0 0.533142 0.061224 0.001566 0.005566
1 0.534708 0.039425 0.004697 0.008349
1 0.533403 0.029685 0.004175 0.005566
1 0.526096 0.018089 0.007307 0.006494
0 0.521660 0.027365 0.001566 0.006494
1 0.535752 0.049165 0.003653 0.007421