1 0.019643 0.164762 0.039286 0.127619
1 0.015000 0.040476 0.030000 0.080952
0 0.332857 0.272381 0.020000 0.059048
0 0.357500 0.097619 0.012143 0.052381
1 0.503929 0.021905 0.055000 0.043810
0 0.719286 0.023810 0.015714 0.045714
0 0.693214 0.117143 0.016429 0.074286
0 0.675357 0.115714 0.015000 0.073333
1 0.636429 0.125238 0.051429 0.132381
1 0.452500 0.289524 0.097857 0.186667
1 0.536429 0.383333 0.078571 0.195238
1 0.413929 0.554762 0.095000 0.233333
1 0.508571 0.653333 0.097143 0.274286
1 0.370357 0.860476 0.123571 0.263810