1 0.745303 0.633581 0.030271 0.061224
1 0.722338 0.549165 0.020877 0.046382
1 0.707724 0.501391 0.024008 0.049165
1 0.680585 0.385436 0.020877 0.032468
1 0.675626 0.356679 0.029749 0.034323
1 0.666232 0.330705 0.018267 0.030612
1 0.649269 0.346939 0.010438 0.024119
1 0.566023 0.184137 0.009916 0.017625
1 0.553497 0.151206 0.008873 0.020408
1 0.556367 0.126623 0.008351 0.013915
1 0.561065 0.088590 0.007307 0.012059
1 0.549061 0.030612 0.006263 0.009276
1 0.556889 0.014842 0.005219 0.011132
0 0.713466 0.369666 0.005219 0.025046
0 0.308977 0.784323 0.010438 0.019481
0 0.344207 0.652134 0.007829 0.018553
0 0.675626 0.482839 0.005741 0.013915
0 0.623434 0.227737 0.002610 0.008349
0 0.612474 0.224954 0.002610 0.008349
0 0.589509 0.186456 0.002610 0.009276
0 0.545668 0.201299 0.004697 0.009276
0 0.537056 0.206865 0.003132 0.011132
0 0.491910 0.164193 0.003653 0.009276
0 0.474948 0.149814 0.002088 0.004638
0 0.469468 0.154453 0.002610 0.006494
0 0.462422 0.183673 0.003132 0.005566
0 0.465292 0.205473 0.002610 0.008349
0 0.449635 0.228664 0.002610 0.008349
0 0.460595 0.242115 0.003653 0.009276
0 0.445459 0.249072 0.002610 0.008349
0 0.450418 0.250464 0.003132 0.007421
0 0.456681 0.258349 0.003132 0.010204
0 0.420146 0.345547 0.004175 0.012059
0 0.440501 0.277829 0.004175 0.013915
1 0.932150 0.374304 0.021921 0.028757
1 0.908925 0.339981 0.021399 0.026902
1 0.870564 0.283395 0.017745 0.023191
1 0.844729 0.238404 0.008873 0.020408
1 0.832463 0.238868 0.011482 0.019481
0 0.473382 0.127087 0.002088 0.005566