1 0.303929 0.140476 0.019286 0.020000
1 0.302857 0.241905 0.028571 0.028571
1 0.215714 0.189048 0.025714 0.021905
0 0.285714 0.143333 0.005714 0.012381
1 0.287500 0.128095 0.019286 0.027619
1 0.392857 0.188571 0.017143 0.034286
1 0.376786 0.211905 0.026429 0.044762
1 0.486429 0.356190 0.052857 0.038095
1 0.153571 0.138095 0.015714 0.024762
1 0.152500 0.108571 0.022143 0.019048
1 0.059643 0.179524 0.025000 0.027619
1 0.096429 0.200000 0.035714 0.030476
1 0.127857 0.182381 0.018571 0.023810
1 0.071786 0.222381 0.035000 0.029524
0 0.011071 0.209524 0.012143 0.022857
0 0.362857 0.249048 0.005714 0.021905
0 0.099643 0.164286 0.006429 0.016190
0 0.101429 0.221429 0.008571 0.020000
0 0.163214 0.317619 0.010714 0.029524
1 0.171786 0.229524 0.027857 0.028571
1 0.143929 0.249048 0.030714 0.027619
1 0.116071 0.275714 0.030714 0.039048
1 0.192143 0.209048 0.031429 0.023810
1 0.150357 0.270476 0.046429 0.049524
1 0.682500 0.385238 0.052143 0.033333
1 0.639643 0.364286 0.050714 0.035238
1 0.667143 0.340476 0.048571 0.023810
1 0.436786 0.096190 0.009286 0.009524
0 0.178929 0.438095 0.012143 0.022857
0 0.346071 0.501905 0.007857 0.020952
0 0.353571 0.501429 0.010000 0.023810
0 0.387500 0.257143 0.005000 0.011429
0 0.580714 0.484762 0.010000 0.026667
0 0.454286 0.505714 0.011429 0.026667
0 0.443214 0.494286 0.010714 0.028571
0 0.150000 0.305238 0.008571 0.021905
0 0.306429 0.306667 0.010000 0.022857
1 0.976786 0.305238 0.042143 0.021905
1 0.941786 0.326190 0.043571 0.027619
1 0.853214 0.357619 0.047857 0.031429
1 0.727500 0.356190 0.050714 0.030476
1 0.709643 0.317619 0.049286 0.039048
1 0.795000 0.340952 0.055714 0.038095
1 0.940357 0.389524 0.052143 0.032381
1 0.865357 0.336667 0.042143 0.023810
1 0.833571 0.323333 0.044286 0.025714
1 0.753929 0.330952 0.043571 0.021905
0 0.613571 0.810000 0.010000 0.042857
0 0.467857 0.617143 0.010000 0.041905
0 0.347143 0.656667 0.017143 0.037143
0 0.381786 0.617143 0.013571 0.043810
0 0.339286 0.640000 0.012857 0.041905
0 0.678929 0.643810 0.009286 0.030476
0 0.658929 0.653810 0.010714 0.029524
0 0.645000 0.656667 0.015714 0.035238
0 0.675000 0.627619 0.011429 0.043810
0 0.628214 0.638571 0.015000 0.040952
0 0.943929 0.471905 0.013571 0.025714
0 0.095357 0.595238 0.019286 0.026667
0 0.257500 0.714762 0.016429 0.042857