1 0.632143 0.949239 0.030000 0.098985
1 0.591786 0.741117 0.027857 0.096447
1 0.543571 0.771574 0.025714 0.111675
1 0.492143 0.653553 0.028571 0.078680
1 0.409286 0.585660 0.027143 0.069797
1 0.580357 0.534898 0.023571 0.067259
1 0.448571 0.381345 0.024286 0.049492
1 0.518929 0.267132 0.019286 0.044416
1 0.592143 0.293782 0.018571 0.067259
1 0.566429 0.224619 0.017143 0.058376
1 0.621786 0.204315 0.017857 0.055838
1 0.570357 0.095812 0.017857 0.041878
1 0.466786 0.123096 0.019286 0.032995
1 0.477857 0.017132 0.015714 0.034264
1 0.218929 0.069162 0.019286 0.036802
1 0.186786 0.036802 0.025000 0.035533
1 0.132857 0.059645 0.025714 0.035533
1 0.151786 0.076777 0.027857 0.021574
1 0.156429 0.084391 0.022857 0.013959
1 0.158929 0.106599 0.030714 0.025381
1 0.243929 0.053934 0.029286 0.024112
1 0.250714 0.064721 0.028571 0.017766
1 0.253929 0.080584 0.026429 0.024112
1 0.253929 0.122462 0.023571 0.024112