1 0.090357 0.952381 0.180714 0.093333
0 0.312500 0.920000 0.032143 0.070476
0 0.413571 0.274762 0.015714 0.052381
0 0.484643 0.071429 0.012143 0.049524
1 0.353214 0.057143 0.097857 0.068571
1 0.292143 0.192381 0.110000 0.064762
1 0.627143 0.734762 0.194286 0.124762
1 0.623929 0.624286 0.189286 0.107619
1 0.593929 0.452381 0.145000 0.095238
1 0.586429 0.387619 0.127143 0.080000
1 0.573929 0.328095 0.119286 0.073333
1 0.554643 0.189048 0.097857 0.071429
1 0.552500 0.092381 0.089286 0.053333
1 0.541786 0.063810 0.082143 0.045714
1 0.721071 0.271429 0.055000 0.078095
1 0.683929 0.119524 0.047857 0.063810
1 0.648929 0.023333 0.040714 0.046667
0 0.798929 0.139524 0.019286 0.039048
0 0.707143 0.082381 0.012857 0.039048
1 0.777857 0.450952 0.084286 0.130476
0 0.888214 0.345238 0.026429 0.060000
1 0.928214 0.318571 0.097857 0.126667
1 0.643571 0.958571 0.221429 0.082857