1 0.388750 0.838667 0.024500 0.066667
0 0.343000 0.920333 0.008000 0.020667
1 0.391750 0.979333 0.031500 0.041333
1 0.470750 0.661333 0.020500 0.053333
0 0.585500 0.646667 0.006000 0.016000
1 0.620750 0.699667 0.032500 0.063333
1 0.633500 0.761667 0.026000 0.052667
0 0.359000 0.713000 0.007000 0.018000
0 0.353750 0.691333 0.007500 0.021333
0 0.334000 0.667333 0.005000 0.018667
1 0.327000 0.572667 0.038000 0.028000
1 0.161250 0.647000 0.029500 0.047333
1 0.278750 0.586000 0.038500 0.030667
1 0.231250 0.485667 0.019500 0.035333
1 0.222000 0.426000 0.017000 0.021333
1 0.264000 0.423667 0.018000 0.026000
1 0.283000 0.429667 0.020000 0.031333
0 0.330000 0.875000 0.006000 0.019333
0 0.337250 0.882000 0.007500 0.014667
0 0.331750 0.891333 0.011500 0.014667
1 0.813250 0.569333 0.039500 0.025333
1 0.598750 0.594333 0.022500 0.038000
1 0.587750 0.552667 0.020500 0.034667
1 0.565000 0.427000 0.018000 0.028667
1 0.497750 0.426333 0.012500 0.018000
1 0.549500 0.326667 0.014000 0.021333
1 0.548250 0.305333 0.012500 0.020000
1 0.546500 0.263000 0.011000 0.016667
1 0.545750 0.246667 0.012500 0.014667
1 0.404000 0.509000 0.017000 0.036667
1 0.405750 0.455333 0.015500 0.033333
1 0.408750 0.420000 0.015500 0.029333
1 0.411500 0.362333 0.014000 0.026000
1 0.416250 0.318333 0.011500 0.022000
1 0.418500 0.298333 0.012000 0.022000
0 0.427250 0.278333 0.003500 0.012667
0 0.429500 0.279667 0.003000 0.012667
0 0.436000 0.268000 0.004000 0.010667
1 0.435750 0.226333 0.011500 0.019333
1 0.442250 0.197333 0.010500 0.014667
0 0.464500 0.171333 0.003000 0.008000
0 0.462500 0.150000 0.003000 0.010667
1 0.484500 0.126667 0.018000 0.010667
1 0.464750 0.097000 0.007500 0.010000
1 0.485250 0.098333 0.006500 0.010000
1 0.489000 0.078000 0.007000 0.010667
1 0.497250 0.085667 0.007500 0.010000
1 0.464750 0.088333 0.006500 0.008667
1 0.466000 0.082333 0.007000 0.008667
1 0.468000 0.074333 0.007000 0.010000
1 0.470000 0.063333 0.008000 0.009333
1 0.495250 0.104000 0.007500 0.013333
1 0.492750 0.052667 0.006500 0.010667
0 0.475000 0.059333 0.002000 0.006667
0 0.477500 0.059000 0.002000 0.008667
0 0.479000 0.049000 0.002000 0.007333
0 0.475250 0.040333 0.001500 0.006000
0 0.476250 0.041333 0.001500 0.005333
1 0.474500 0.046000 0.006000 0.009333
1 0.495000 0.041333 0.006000 0.008000
1 0.499000 0.019333 0.005000 0.008000
1 0.518500 0.012000 0.005000 0.006667
0 0.487000 0.038667 0.002000 0.006667
0 0.486250 0.028333 0.001500 0.007333
1 0.478750 0.027333 0.006500 0.008000
1 0.480000 0.021333 0.006000 0.008000
1 0.480750 0.016333 0.006500 0.006000
1 0.482750 0.013000 0.005500 0.007333
1 0.484500 0.002667 0.005000 0.005333
1 0.670500 0.177000 0.009000 0.014000
1 0.660250 0.177667 0.007500 0.011333
1 0.694000 0.164000 0.016000 0.010667
1 0.542500 0.102333 0.007000 0.008667
1 0.542250 0.073000 0.006500 0.008667
1 0.543000 0.093333 0.007000 0.008000
0 0.528500 0.076333 0.002000 0.007333
0 0.534750 0.082667 0.002500 0.006667
0 0.530500 0.044333 0.002000 0.007333
0 0.534000 0.045333 0.002000 0.006667