0 0.354286 0.009048 0.004286 0.018095
0 0.363571 0.009524 0.004286 0.019048
0 0.347143 0.100476 0.004286 0.021905
0 0.390357 0.013333 0.003571 0.019048
0 0.374643 0.017143 0.005000 0.019048
1 0.451071 0.010000 0.036429 0.020000
1 0.498571 0.010952 0.037143 0.021905
0 0.455714 0.050952 0.004286 0.021905
0 0.379286 0.044286 0.007143 0.018095
0 0.377857 0.081905 0.007143 0.011429
0 0.383929 0.077619 0.006429 0.021905
0 0.401786 0.076190 0.007857 0.020952
0 0.420000 0.128095 0.005714 0.020000
1 0.368214 0.170952 0.049286 0.033333
0 0.352143 0.198095 0.007143 0.019048
1 0.456071 0.874286 0.070714 0.051429
1 0.453214 0.768095 0.075000 0.046667
1 0.442857 0.722381 0.054286 0.044762
0 0.360000 0.775714 0.010000 0.014286
0 0.348929 0.768571 0.010714 0.022857
0 0.300000 0.649524 0.011429 0.015238
0 0.386071 0.588095 0.010714 0.025714
1 0.464643 0.616190 0.056429 0.040000
1 0.475714 0.576667 0.067143 0.035238
1 0.448571 0.530952 0.058571 0.033333
1 0.422143 0.475714 0.027143 0.079048
1 0.367500 0.434762 0.026429 0.058095
1 0.472500 0.478571 0.062143 0.033333
1 0.481429 0.423333 0.054286 0.042857
0 0.335000 0.503333 0.008571 0.023810
1 0.483214 0.382857 0.060714 0.040000
1 0.472857 0.352381 0.054286 0.038095
1 0.476786 0.316667 0.056429 0.037143
1 0.474286 0.290000 0.055714 0.033333
1 0.466429 0.234286 0.050000 0.030476
1 0.465357 0.256190 0.042143 0.034286
1 0.462143 0.207619 0.045714 0.032381
1 0.472500 0.127619 0.045000 0.028571
1 0.473214 0.178095 0.037857 0.030476
1 0.476786 0.160000 0.037857 0.030476
0 0.433214 0.145714 0.006429 0.013333
0 0.443929 0.144286 0.006429 0.020000
0 0.445000 0.134286 0.005714 0.020952
1 0.470357 0.087619 0.042143 0.026667
1 0.486429 0.048571 0.040000 0.024762
1 0.536786 0.048571 0.043571 0.026667
1 0.586071 0.053810 0.036429 0.027619
1 0.601071 0.022381 0.037857 0.027619
1 0.645000 0.030000 0.037143 0.027619
1 0.677857 0.067619 0.037143 0.024762
1 0.931071 0.253810 0.036429 0.046667
1 0.978214 0.094286 0.042143 0.028571