1 0.517143 0.020952 0.024286 0.041905
1 0.469643 0.026667 0.057857 0.040000
1 0.596071 0.043810 0.025000 0.064762
1 0.535000 0.100000 0.024286 0.070476
1 0.483929 0.069524 0.059286 0.034286
1 0.481786 0.105714 0.059286 0.040000
1 0.491429 0.142381 0.058571 0.035238
1 0.485357 0.182381 0.055000 0.039048
1 0.483929 0.220952 0.062143 0.040000
1 0.532143 0.232857 0.027143 0.077143
1 0.429643 0.233333 0.027857 0.068571
1 0.480714 0.262381 0.062857 0.040952
1 0.420000 0.312381 0.028571 0.076190
1 0.482500 0.304286 0.069286 0.040952
1 0.488571 0.352857 0.064286 0.040952
1 0.435714 0.420000 0.031429 0.083810
1 0.491071 0.500952 0.069286 0.041905
1 0.491429 0.544762 0.068571 0.040000
1 0.492143 0.705238 0.057143 0.039048
0 0.621071 0.995238 0.009286 0.009524
0 0.554286 0.582381 0.012857 0.020000
0 0.584643 0.344762 0.010714 0.032381
0 0.612143 0.292857 0.008571 0.021905
1 0.626071 0.543333 0.033571 0.092381
1 0.323571 0.625238 0.048571 0.031429
0 0.375000 0.393333 0.008571 0.024762