1 0.173750 0.714333 0.099500 0.123333
1 0.243500 0.598333 0.070000 0.096667
1 0.314250 0.486000 0.052500 0.069333
1 0.350000 0.426333 0.047000 0.062000
1 0.512750 0.388000 0.038500 0.060000
1 0.413500 0.318667 0.042000 0.064000
0 0.389750 0.462000 0.013500 0.036000
1 0.937250 0.971000 0.068500 0.058000
0 0.957000 0.947333 0.032000 0.022667
0 0.911500 0.914667 0.024000 0.053333
1 0.897000 0.780333 0.066000 0.118000
0 0.922750 0.610000 0.021500 0.032000
0 0.877250 0.637000 0.018500 0.032667
1 0.812500 0.583667 0.040000 0.062000
1 0.856250 0.521000 0.043500 0.079333
1 0.827750 0.440667 0.039500 0.052000
1 0.799750 0.337667 0.030500 0.036667
0 0.751500 0.329667 0.010000 0.030000
1 0.786750 0.291667 0.027500 0.036667
1 0.782500 0.253333 0.025000 0.032000
1 0.781000 0.228000 0.021000 0.024000
0 0.743000 0.197000 0.010000 0.018000
0 0.743250 0.200000 0.007500 0.014667
1 0.770750 0.143333 0.018500 0.021333
1 0.766000 0.112667 0.016000 0.021333
1 0.765500 0.097333 0.013000 0.020000
0 0.742750 0.083667 0.004500 0.014000
1 0.442250 0.281667 0.031500 0.039333
0 0.492000 0.249667 0.007000 0.022000
0 0.478750 0.245667 0.005500 0.022000
1 0.496000 0.189667 0.023000 0.035333
1 0.511000 0.160000 0.024000 0.038667
1 0.524250 0.141000 0.018500 0.028667
1 0.533000 0.132000 0.019000 0.024000
0 0.558000 0.120667 0.007000 0.017333
1 0.546250 0.109000 0.017500 0.026000
1 0.554000 0.098667 0.016000 0.021333
0 0.568500 0.099667 0.004000 0.016667
0 0.533500 0.090333 0.004000 0.019333
1 0.563500 0.081333 0.016000 0.018667
1 0.569250 0.071000 0.013500 0.016667
1 0.576500 0.062000 0.013000 0.017333
0 0.603750 0.031333 0.003500 0.014667
0 0.598750 0.030667 0.004500 0.012000
0 0.758500 0.051667 0.003000 0.012667
1 0.759750 0.019000 0.011500 0.011333
1 0.757250 0.014000 0.010500 0.010667
1 0.755000 0.009000 0.011000 0.011333
1 0.674750 0.008000 0.011500 0.014667
1 0.657000 0.010333 0.011000 0.012667