1 0.032500 0.671320 0.045000 0.038071
1 0.152143 0.641497 0.047143 0.039340
1 0.011786 0.808376 0.023571 0.040609
1 0.310357 0.649112 0.045000 0.036802
1 0.341786 0.599619 0.042143 0.039340
1 0.416071 0.637690 0.046429 0.034264
1 0.425357 0.579949 0.042143 0.038071
1 0.291071 0.751269 0.022143 0.076142
1 0.318214 0.748731 0.020714 0.083756
1 0.344643 0.747462 0.023571 0.086294
1 0.398214 0.737310 0.020714 0.086294
1 0.425000 0.722716 0.020000 0.059645
1 0.476429 0.731599 0.022857 0.090102
1 0.502857 0.727792 0.020000 0.085025
1 0.528214 0.727792 0.020714 0.085025
1 0.986071 0.978426 0.027857 0.038071
1 0.989286 0.917513 0.021429 0.043147
1 0.988571 0.864213 0.022857 0.043147
1 0.853214 0.809645 0.045000 0.083756
1 0.815714 0.798223 0.045714 0.076142
1 0.773571 0.798223 0.048571 0.078680
1 0.734286 0.793782 0.041429 0.067259
1 0.697857 0.782995 0.044286 0.071066
1 0.657857 0.776015 0.047143 0.077411
1 0.945000 0.537437 0.055714 0.036802
1 0.892500 0.586929 0.057857 0.036802
1 0.786786 0.517766 0.042143 0.035533
1 0.815000 0.589467 0.050000 0.036802
0 0.691786 0.630076 0.012143 0.013959
1 0.727500 0.580584 0.047857 0.039340
1 0.646429 0.611041 0.047143 0.036802
1 0.697857 0.527919 0.044286 0.038071
1 0.715357 0.475254 0.047857 0.044416
1 0.635714 0.501904 0.040000 0.036802
1 0.582857 0.552665 0.047143 0.034264
1 0.811071 0.244924 0.045000 0.040609
1 0.563571 0.437817 0.045714 0.040609
0 0.506429 0.493655 0.005714 0.030457
1 0.508571 0.558376 0.045714 0.043147
1 0.377857 0.461929 0.045714 0.038071