1 0.047500 0.282995 0.023571 0.025381
1 0.045357 0.302030 0.026429 0.022843
1 0.090357 0.364213 0.022143 0.025381
1 0.157143 0.436548 0.017143 0.040609
1 0.152143 0.503173 0.025714 0.041878
1 0.096786 0.614213 0.035000 0.048223
1 0.295714 0.560279 0.025714 0.054569
1 0.518214 0.331853 0.017857 0.034264
1 0.605357 0.229695 0.015000 0.035533
1 0.552500 0.390228 0.020714 0.044416
1 0.531071 0.738579 0.026429 0.088832
1 0.552857 0.036802 0.012857 0.022843
1 0.570714 0.041878 0.011429 0.027919
1 0.623214 0.326142 0.019286 0.055838
1 0.454286 0.775381 0.021429 0.088832
1 0.166071 0.351523 0.022143 0.032995
1 0.145714 0.257614 0.014286 0.027919
1 0.161071 0.255711 0.016429 0.021574
1 0.252143 0.171954 0.011429 0.024112
1 0.209286 0.098985 0.017143 0.015228
1 0.215000 0.087563 0.018571 0.022843
1 0.223214 0.084391 0.016429 0.016497
1 0.230357 0.076777 0.017857 0.021574
1 0.229286 0.068528 0.015714 0.015228
1 0.236786 0.062817 0.015000 0.019036
1 0.206071 0.065355 0.019286 0.019036
1 0.216429 0.060914 0.018571 0.017766
1 0.229286 0.048858 0.012857 0.011421
1 0.203929 0.050761 0.015000 0.012690
1 0.211786 0.047589 0.016429 0.016497
1 0.046786 0.097081 0.013571 0.016497
1 0.053214 0.091371 0.016429 0.020305
1 0.061786 0.087563 0.013571 0.015228
1 0.070357 0.085025 0.015000 0.012690
1 0.080357 0.082487 0.013571 0.015228
1 0.072857 0.093274 0.018571 0.016497
1 0.059286 0.064721 0.017143 0.017766
1 0.082143 0.053299 0.017143 0.017766
1 0.105714 0.040609 0.017143 0.017766
1 0.027143 0.077411 0.018571 0.017766
1 0.040714 0.066624 0.020000 0.019036
1 0.026786 0.061548 0.017857 0.019036
1 0.090000 0.043147 0.015714 0.017766
1 0.142143 0.032360 0.015714 0.013959
0 0.710000 0.050127 0.004286 0.019036
0 0.700000 0.051396 0.002857 0.013959
1 0.485714 0.135152 0.008571 0.029188
1 0.271071 0.137690 0.023571 0.016497
1 0.267143 0.126904 0.020000 0.012690
1 0.275000 0.112944 0.030000 0.020305
0 0.039286 0.451142 0.007143 0.021574
0 0.034643 0.453046 0.006429 0.020305