1 0.139643 0.939524 0.076429 0.060000
1 0.150714 0.880952 0.070000 0.055238
1 0.157143 0.833810 0.058571 0.050476
1 0.344286 0.880952 0.065714 0.049524
1 0.343929 0.828571 0.059286 0.051429
0 0.486071 0.834286 0.009286 0.020952
1 0.595714 0.901429 0.044286 0.098095
1 0.701071 0.985238 0.062143 0.029524
1 0.489286 0.615238 0.028571 0.057143
1 0.433571 0.417143 0.018571 0.034286
1 0.206429 0.588571 0.052857 0.040000
1 0.123929 0.579524 0.049286 0.035238
0 0.404643 0.215714 0.005000 0.016190
0 0.133214 0.605238 0.012143 0.018095
0 0.136429 0.592857 0.008571 0.018095
0 0.141429 0.583333 0.011429 0.023810
1 0.138571 0.487619 0.025714 0.049524
1 0.168214 0.475714 0.025000 0.048571
1 0.219286 0.389048 0.041429 0.031429
1 0.218929 0.373810 0.036429 0.025714
1 0.337500 0.228095 0.035000 0.023810
1 0.306429 0.234762 0.025714 0.025714
0 0.243571 0.289524 0.005714 0.019048
0 0.246429 0.288571 0.005714 0.019048
0 0.849286 0.508571 0.008571 0.020952
1 0.154286 0.011429 0.011429 0.013333
1 0.123214 0.095238 0.015000 0.017143
1 0.164286 0.093810 0.012857 0.016190
1 0.168571 0.079048 0.011429 0.015238
1 0.171429 0.060952 0.011429 0.019048
1 0.177143 0.043810 0.010000 0.015238
1 0.146429 0.030952 0.008571 0.014286
0 0.152143 0.058095 0.004286 0.011429
0 0.157500 0.057143 0.006429 0.011429
0 0.152143 0.021905 0.005714 0.013333
0 0.145714 0.023333 0.004286 0.012381
1 0.814643 0.209524 0.022143 0.020952
1 0.840000 0.202381 0.022857 0.021905
1 0.729643 0.320952 0.032143 0.022857
1 0.719643 0.305238 0.030714 0.021905
0 0.344643 0.043333 0.002143 0.008571
0 0.370000 0.061905 0.002857 0.007619
1 0.566071 0.145714 0.025000 0.015238
1 0.560714 0.135714 0.025714 0.016190
1 0.553571 0.124286 0.024286 0.016190
1 0.539643 0.108095 0.025000 0.014286
1 0.537500 0.099524 0.020714 0.012381
1 0.529643 0.090952 0.023571 0.014286
1 0.500714 0.080476 0.022857 0.016190
1 0.517857 0.052857 0.012857 0.014286