1 0.312857 0.017132 0.010000 0.021574
1 0.342143 0.072970 0.024286 0.021574
1 0.476071 0.132614 0.025000 0.021574
1 0.432857 0.091371 0.025714 0.027919
1 0.511786 0.162437 0.025000 0.022843
1 0.325000 0.224619 0.011429 0.032995
1 0.387857 0.404822 0.010000 0.050761
1 0.370000 0.828680 0.014286 0.063452
0 0.497857 0.887056 0.004286 0.012690
0 0.505714 0.657995 0.002857 0.011421
1 0.436429 0.729061 0.008571 0.034264
1 0.589286 0.127538 0.022857 0.024112
1 0.763929 0.199239 0.030714 0.025381
0 0.513929 0.677030 0.003571 0.006345
0 0.506429 0.783629 0.002857 0.011421