1 0.156786 0.287619 0.039286 0.076190
1 0.289643 0.548571 0.069286 0.045714
1 0.636429 0.465238 0.070000 0.050476
1 0.722857 0.410952 0.067143 0.065714
1 0.730714 0.333333 0.055714 0.068571
1 0.766429 0.278095 0.040000 0.066667
1 0.780357 0.234286 0.052143 0.047619
1 0.708571 0.221429 0.054286 0.044762
1 0.702500 0.243333 0.045000 0.037143
1 0.669643 0.263810 0.049286 0.051429
1 0.887143 0.060000 0.041429 0.062857
0 0.962500 0.069048 0.010714 0.020000
0 0.905714 0.196190 0.012857 0.026667
0 0.845714 0.244762 0.011429 0.020952
0 0.845714 0.236190 0.010000 0.019048
0 0.951786 0.616667 0.013571 0.018095
0 0.851071 0.874286 0.013571 0.020952
0 0.860714 0.871429 0.014286 0.024762