1 0.281071 0.612381 0.032143 0.043810
1 0.317500 0.354762 0.013571 0.027619
1 0.294643 0.551905 0.020714 0.042857
0 0.361429 0.371905 0.004286 0.008571
0 0.280714 0.408571 0.005714 0.007619
0 0.285714 0.403810 0.004286 0.011429
1 0.390357 0.229048 0.012143 0.025714
1 0.313571 0.092857 0.021429 0.012381
1 0.315714 0.078571 0.020000 0.012381
1 0.317143 0.070476 0.018571 0.011429
1 0.320357 0.061905 0.019286 0.009524
1 0.322857 0.056667 0.018571 0.008571
1 0.321429 0.050476 0.018571 0.011429
0 0.385000 0.044286 0.002857 0.006667
0 0.621429 0.107143 0.002857 0.010476
0 0.543929 0.150476 0.002143 0.011429
1 0.609643 0.020476 0.017857 0.010476
1 0.597143 0.058571 0.010000 0.016190
1 0.638571 0.078095 0.015714 0.011429
1 0.803929 0.046190 0.012143 0.010476
0 0.713571 0.845714 0.005714 0.009524
0 0.707500 0.843333 0.005000 0.012381
1 0.303214 0.164762 0.020714 0.015238
0 0.307857 0.199048 0.007143 0.009524