1 0.111071 0.187183 0.012143 0.011421
1 0.334286 0.213832 0.014286 0.011421
1 0.341429 0.211294 0.012857 0.011421
1 0.353214 0.206218 0.010714 0.011421
1 0.356429 0.203046 0.010000 0.010152
1 0.362143 0.200508 0.011429 0.010152
1 0.346786 0.207487 0.012143 0.013959
1 0.528571 0.314086 0.014286 0.016497
1 0.671786 0.343909 0.022143 0.015228
1 0.703214 0.350888 0.022143 0.016497
1 0.724643 0.347081 0.012143 0.019036
1 0.755357 0.357868 0.016429 0.020305
1 0.781071 0.374365 0.017857 0.020305
0 0.552143 0.475888 0.002857 0.017766
0 0.522857 0.483503 0.004286 0.017766
0 0.526786 0.483503 0.005000 0.020305
0 0.517500 0.490482 0.005000 0.019036
1 0.628929 0.338198 0.019286 0.021574
1 0.403571 0.280457 0.017143 0.015228
1 0.415357 0.299492 0.017857 0.015228
1 0.437857 0.188452 0.010000 0.011421
1 0.446429 0.188452 0.007143 0.011421
1 0.452500 0.189721 0.009286 0.011421
1 0.467500 0.173223 0.009286 0.008883
1 0.475714 0.174492 0.010000 0.011421
1 0.371071 0.107868 0.009286 0.007614
1 0.406429 0.117386 0.005714 0.006345
1 0.416071 0.111041 0.006429 0.006345
1 0.380000 0.093909 0.008571 0.007614
1 0.457143 0.100254 0.010000 0.005076
1 0.632143 0.145305 0.005714 0.006345
1 0.641429 0.149746 0.007143 0.007614
1 0.716429 0.140228 0.011429 0.006345
1 0.724286 0.137056 0.010000 0.010152
1 0.810357 0.368020 0.019286 0.017766
1 0.822143 0.366751 0.014286 0.017766
1 0.845000 0.360406 0.022857 0.017766
1 0.856429 0.355330 0.018571 0.017766
1 0.882500 0.336929 0.020714 0.019036
1 0.885357 0.308376 0.020714 0.015228
1 0.888571 0.303299 0.020000 0.015228
1 0.886786 0.293147 0.022143 0.015228
1 0.892143 0.282995 0.020000 0.017766
1 0.894643 0.279188 0.019286 0.015228
1 0.890714 0.266497 0.018571 0.012690
1 0.889643 0.262056 0.019286 0.013959
1 0.895714 0.256980 0.018571 0.013959
1 0.893571 0.244289 0.018571 0.013959
1 0.894286 0.250000 0.018571 0.015228
1 0.970714 0.304569 0.021429 0.015228
1 0.967143 0.284898 0.021429 0.013959
1 0.970714 0.290609 0.021429 0.015228
1 0.971786 0.302030 0.022143 0.015228
1 0.918571 0.280457 0.008571 0.015228
1 0.913571 0.229061 0.007143 0.013959
1 0.942500 0.223985 0.007857 0.013959
1 0.962857 0.203046 0.014286 0.007614
1 0.964286 0.201142 0.015714 0.008883
1 0.909643 0.196701 0.015000 0.010152
1 0.911071 0.190355 0.015000 0.012690
1 0.911429 0.184645 0.015714 0.011421
1 0.901786 0.217005 0.017857 0.012690
1 0.904643 0.214467 0.016429 0.012690
1 0.871429 0.176396 0.007143 0.012690
1 0.950714 0.099619 0.005714 0.013959
0 0.945714 0.190355 0.002857 0.010152
0 0.942500 0.100254 0.003571 0.007614
0 0.935000 0.300761 0.004286 0.017766
0 0.905357 0.337563 0.005000 0.015228
0 0.892500 0.346447 0.003571 0.015228
0 0.906429 0.227792 0.002857 0.008883