1 0.814643 0.506345 0.032143 0.096447
1 0.772500 0.491117 0.039286 0.093909
1 0.737143 0.473350 0.034286 0.091371
1 0.654643 0.530457 0.040714 0.104061
1 0.621071 0.505076 0.040714 0.096447
1 0.557500 0.473350 0.040714 0.093909
1 0.574643 0.680203 0.039286 0.093909
1 0.509643 0.638325 0.046429 0.096447
1 0.414286 0.584391 0.054286 0.105330
1 0.582143 0.404822 0.037143 0.081218
1 0.614286 0.410533 0.032857 0.085025
1 0.645357 0.427030 0.032143 0.074873
1 0.679643 0.437183 0.036429 0.085025
1 0.555714 0.375000 0.040000 0.085025
1 0.525357 0.365482 0.035000 0.071066
1 0.675714 0.292513 0.030000 0.079949
1 0.734643 0.312817 0.030714 0.079949
1 0.619643 0.265228 0.030714 0.078680
1 0.595357 0.253173 0.035000 0.072335
1 0.540357 0.227792 0.033571 0.082487
1 0.513214 0.207487 0.037857 0.077411
1 0.536071 0.156726 0.039286 0.067259
1 0.564286 0.166878 0.037143 0.059645
1 0.588571 0.184645 0.030000 0.062183
1 0.612500 0.193528 0.035000 0.069797
1 0.665357 0.218274 0.027857 0.058376
1 0.692500 0.229061 0.033571 0.067259
1 0.722143 0.235406 0.031429 0.069797
1 0.746071 0.253173 0.030714 0.062183
1 0.806429 0.282995 0.032857 0.065990
1 0.795714 0.152919 0.028571 0.074873
1 0.666071 0.102792 0.027857 0.060914
1 0.347500 0.151015 0.037857 0.055838
1 0.451786 0.100888 0.047857 0.054569
1 0.428214 0.040609 0.043571 0.040609
1 0.327143 0.045051 0.050000 0.046954
1 0.185714 0.079315 0.045714 0.052030
1 0.147857 0.064086 0.038571 0.054569
1 0.222500 0.090102 0.039286 0.053299
1 0.242857 0.104695 0.042857 0.057107
1 0.284643 0.120558 0.035000 0.048223
1 0.321429 0.145939 0.032857 0.053299
1 0.388571 0.175127 0.034286 0.058376
1 0.464643 0.078680 0.042143 0.038071
1 0.495714 0.020939 0.047143 0.041878
1 0.591429 0.025381 0.034286 0.050761
1 0.500357 0.441624 0.039286 0.101523
1 0.463929 0.421320 0.040714 0.101523
1 0.501071 0.347081 0.030714 0.072335
1 0.465714 0.331853 0.030000 0.069797
1 0.543571 0.656091 0.042857 0.109137
1 0.823571 0.152919 0.030000 0.079949
1 0.692857 0.109772 0.027143 0.067259
1 0.644643 0.085660 0.033571 0.074873
1 0.620714 0.076777 0.032857 0.074873
1 0.593929 0.072970 0.030714 0.079949
1 0.572143 0.062183 0.031429 0.068528
1 0.475000 0.053299 0.050000 0.058376
1 0.410357 0.180838 0.039286 0.069797
1 0.771429 0.017766 0.024286 0.035533
1 0.794643 0.021574 0.026429 0.043147
1 0.820357 0.024746 0.026429 0.049492
1 0.845714 0.029188 0.030000 0.058376
1 0.871786 0.031726 0.030714 0.063452
1 0.336786 0.022208 0.055000 0.044416
1 0.217143 0.016497 0.047143 0.032995
0 0.170357 0.550127 0.017857 0.034264
0 0.166786 0.527919 0.010714 0.038071
1 0.985000 0.546320 0.030000 0.095178
1 0.983571 0.456218 0.032857 0.079949