1 0.246071 0.605330 0.050714 0.058376
1 0.200000 0.581218 0.037143 0.053299
1 0.636429 0.473985 0.037143 0.026650
1 0.631429 0.437183 0.051429 0.039340
1 0.580357 0.347716 0.037857 0.050761
1 0.668929 0.253807 0.027857 0.050761
1 0.516786 0.277919 0.032143 0.045685
1 0.545357 0.152284 0.019286 0.035533
1 0.568214 0.164975 0.015000 0.035533
1 0.591429 0.174492 0.015714 0.039340
1 0.618929 0.180203 0.026429 0.043147
1 0.637857 0.201142 0.025714 0.036802
1 0.661071 0.210660 0.036429 0.050761
1 0.457500 0.178299 0.040714 0.041878
1 0.258214 0.235406 0.043571 0.036802
1 0.399286 0.163706 0.018571 0.032995
1 0.542500 0.186548 0.039286 0.050761
1 0.759286 0.447970 0.040000 0.053299