0 0.166786 0.839467 0.006429 0.021574
1 0.340357 0.800761 0.025000 0.050761
1 0.896786 0.930203 0.026429 0.065990
1 0.927857 0.778553 0.025714 0.059645
1 0.930714 0.626904 0.021429 0.043147
1 0.892143 0.612310 0.020000 0.041878
1 0.940000 0.438452 0.014286 0.029188
1 0.974286 0.220178 0.015714 0.019036
1 0.933571 0.230964 0.015714 0.022843
1 0.828571 0.263959 0.027143 0.022843
0 0.926429 0.201142 0.004286 0.008883
0 0.897143 0.210025 0.004286 0.008883
1 0.893929 0.380711 0.013571 0.035533
1 0.871071 0.368020 0.017857 0.035533
1 0.704643 0.318528 0.019286 0.022843
1 0.815714 0.433376 0.018571 0.039340
1 0.771786 0.664340 0.016429 0.044416
1 0.727500 0.713198 0.017857 0.045685
1 0.716071 0.564721 0.017857 0.040609
1 0.565357 0.713832 0.016429 0.046954
1 0.537500 0.225888 0.009286 0.020305
1 0.491071 0.345178 0.015000 0.020305
1 0.445000 0.123096 0.015714 0.015228
1 0.394286 0.104695 0.014286 0.013959
1 0.763214 0.969543 0.022143 0.058376
0 0.671071 0.879442 0.007857 0.022843
0 0.348214 0.326777 0.002143 0.011421
0 0.351429 0.326142 0.002857 0.015228
0 0.368929 0.333122 0.003571 0.013959
0 0.347500 0.553934 0.005000 0.021574
0 0.351786 0.550127 0.003571 0.016497
0 0.332857 0.707487 0.004286 0.021574
1 0.385357 0.607234 0.016429 0.034264
1 0.388214 0.553299 0.015000 0.032995
1 0.391071 0.440355 0.012143 0.027919
1 0.397500 0.470812 0.012143 0.030457
1 0.394286 0.505076 0.012857 0.032995
1 0.233571 0.267132 0.015714 0.011421
1 0.200714 0.314086 0.011429 0.021574
1 0.196786 0.333122 0.010714 0.019036
1 0.225714 0.330584 0.010000 0.026650