0 0.460000 0.940667 0.016000 0.034667
0 0.548500 0.868333 0.014000 0.022000
0 0.548000 0.849667 0.017000 0.026000
1 0.574000 0.684667 0.043000 0.089333
0 0.474000 0.809667 0.013000 0.040667
0 0.536250 0.626000 0.011500 0.020000
0 0.469750 0.627333 0.010500 0.033333
0 0.459500 0.628333 0.011000 0.036667
0 0.431250 0.588667 0.010500 0.021333
1 0.495000 0.533667 0.030000 0.059333
0 0.545000 0.527000 0.013000 0.028667
0 0.454750 0.509333 0.010500 0.026667
1 0.403750 0.510667 0.069500 0.050667
0 0.462000 0.477000 0.007000 0.026000
0 0.475250 0.473333 0.009500 0.020000
1 0.445500 0.460667 0.027000 0.049333
0 0.459250 0.428333 0.009500 0.022000
0 0.438500 0.420000 0.006000 0.025333
0 0.430250 0.423667 0.008500 0.020667
0 0.506250 0.432000 0.006500 0.014667
0 0.505500 0.426000 0.008000 0.016000
1 0.402000 0.373333 0.023000 0.036000
0 0.463250 0.372667 0.007500 0.020000
0 0.493500 0.369333 0.007000 0.020000
0 0.512250 0.395667 0.005500 0.026000
0 0.512250 0.392333 0.006500 0.024667
0 0.432500 0.365333 0.008000 0.014667
0 0.435500 0.352333 0.005000 0.016667
1 0.445000 0.326667 0.018000 0.029333
0 0.456000 0.311667 0.004000 0.014000
0 0.459000 0.309000 0.005000 0.019333
0 0.473000 0.301000 0.005000 0.010000
0 0.484750 0.299333 0.006500 0.014667
1 0.496250 0.296333 0.015500 0.020667
1 0.445750 0.304000 0.016500 0.025333
0 0.486250 0.279333 0.005500 0.018667
0 0.483500 0.266667 0.005000 0.014667
0 0.503000 0.279000 0.007000 0.020667
0 0.399500 0.316333 0.006000 0.019333
0 0.402250 0.314000 0.006500 0.018667
0 0.407500 0.313667 0.008000 0.020667
1 0.469000 0.264667 0.014000 0.021333
0 0.448250 0.264333 0.006500 0.014000
0 0.492750 0.243000 0.004500 0.015333
0 0.482750 0.225000 0.005500 0.015333
1 0.450000 0.172000 0.009000 0.012000
1 0.418000 0.252000 0.013000 0.024000
1 0.418750 0.229000 0.012500 0.022000
1 0.426000 0.211000 0.011000 0.019333
1 0.417250 0.202000 0.021500 0.018667
1 0.410750 0.194000 0.019500 0.016000
1 0.397500 0.186333 0.022000 0.012667
1 0.377500 0.196667 0.020000 0.012000
1 0.370500 0.189667 0.021000 0.012667
1 0.512500 0.182667 0.023000 0.012000
1 0.541250 0.186333 0.013500 0.012667
1 0.512500 0.245333 0.012000 0.021333
1 0.502500 0.221000 0.018000 0.018000
1 0.455500 0.154000 0.009000 0.012000
1 0.475250 0.148667 0.008500 0.009333