1 0.159447 0.473562 0.055846 0.043599
1 0.149269 0.512523 0.049061 0.038033
1 0.202505 0.505566 0.054280 0.046382
1 0.310804 0.402134 0.023486 0.073284
1 0.371347 0.403061 0.023486 0.075139
1 0.237213 0.740260 0.045407 0.090909
1 0.373173 0.706865 0.027140 0.076067
1 0.413622 0.720779 0.026618 0.083488
1 0.446242 0.708720 0.026096 0.079777
1 0.470772 0.397495 0.021921 0.069573
1 0.503914 0.390538 0.023486 0.076067
1 0.825939 0.410019 0.050626 0.042672
1 0.933194 0.443878 0.035491 0.073284
1 0.963987 0.096939 0.034447 0.043599
1 0.887265 0.121985 0.014614 0.047310
1 0.917276 0.650742 0.043319 0.089981
1 0.864040 0.676716 0.043319 0.089981
1 0.826200 0.675788 0.036534 0.086271
1 0.793841 0.677644 0.034447 0.088126
1 0.734864 0.676716 0.037578 0.086271
1 0.637526 0.689239 0.032881 0.085343