1 0.088205 0.741187 0.063674 0.055659
1 0.158142 0.578386 0.056367 0.043599
0 0.125000 0.533395 0.008873 0.018553
0 0.127349 0.529685 0.009395 0.020408
0 0.053236 0.593692 0.008351 0.025974
0 0.055324 0.588590 0.010438 0.026902
0 0.074635 0.469852 0.008351 0.025046
0 0.135960 0.452690 0.006785 0.024119
0 0.149791 0.419295 0.007307 0.027829
1 0.168841 0.447124 0.021399 0.050093
1 0.199635 0.406772 0.022443 0.041744
0 0.093685 0.394249 0.006785 0.018553
0 0.194154 0.320501 0.006263 0.019481
1 0.183977 0.313080 0.030793 0.028757
0 0.182933 0.302412 0.004697 0.016698
0 0.189718 0.300093 0.004697 0.025046
0 0.222860 0.293135 0.006263 0.020408
1 0.223643 0.279685 0.014092 0.026902
1 0.225992 0.243970 0.020877 0.020408
1 0.275052 0.192486 0.010438 0.015770
1 0.275052 0.182746 0.018789 0.012987
1 0.730689 0.940167 0.065762 0.117811
1 0.689457 0.728200 0.042797 0.072356
1 0.682933 0.640538 0.040188 0.062152
0 0.558977 0.403989 0.007307 0.015770
0 0.563674 0.402597 0.006263 0.016698
0 0.493476 0.570037 0.008873 0.028757
0 0.479123 0.403989 0.007307 0.015770
1 0.490866 0.213822 0.014092 0.019481
0 0.468424 0.183673 0.002610 0.011132
0 0.481733 0.172542 0.004175 0.007421
1 0.448330 0.132189 0.007307 0.013915
1 0.422234 0.292672 0.013570 0.021336
1 0.418841 0.225881 0.009916 0.019481
0 0.377088 0.159555 0.002610 0.012987
0 0.380480 0.161874 0.005219 0.010204
0 0.379958 0.156308 0.003132 0.012059
1 0.391180 0.147032 0.005741 0.012059
0 0.466858 0.152134 0.002610 0.007421
1 0.409447 0.141002 0.006785 0.011132
1 0.406837 0.128942 0.005741 0.009276
1 0.405271 0.119666 0.005741 0.009276
1 0.402662 0.069109 0.004697 0.008349
0 0.417276 0.128479 0.002610 0.006494
0 0.415710 0.117347 0.002610 0.006494
0 0.414144 0.093228 0.001566 0.004638
0 0.385699 0.126160 0.002088 0.005566
0 0.391180 0.096475 0.001566 0.003711
0 0.394572 0.079777 0.001044 0.003711
0 0.390136 0.074212 0.001566 0.003711
1 0.439457 0.096475 0.005219 0.009276
1 0.407881 0.051020 0.004697 0.005566
1 0.764092 0.406772 0.026096 0.030612