1 0.592500 0.635787 0.027857 0.076142
1 0.500714 0.887690 0.028571 0.090102
1 0.496786 0.453680 0.017857 0.036802
1 0.494643 0.349619 0.013571 0.029188
1 0.471429 0.305203 0.012857 0.024112
1 0.493214 0.270305 0.012143 0.025381
1 0.517857 0.191624 0.010000 0.022843
1 0.490357 0.174492 0.010714 0.021574
1 0.393929 0.930203 0.025000 0.068528
1 0.406429 0.782995 0.022857 0.065990
1 0.315714 0.868655 0.025714 0.069797
1 0.437500 0.312817 0.016429 0.029188
1 0.421071 0.283629 0.010714 0.026650
1 0.437857 0.213198 0.008571 0.017766
1 0.437857 0.149112 0.007143 0.016497
1 0.422857 0.123731 0.012857 0.019036
1 0.487500 0.130711 0.010714 0.015228
1 0.512143 0.103426 0.011429 0.016497
1 0.481071 0.107868 0.009286 0.015228
1 0.470000 0.087563 0.007143 0.012690
1 0.485000 0.081853 0.010000 0.013959
1 0.452143 0.070431 0.010000 0.013959
1 0.455357 0.053299 0.009286 0.012690
1 0.435357 0.065990 0.012143 0.015228
1 0.435357 0.033629 0.009286 0.011421
1 0.420000 0.046954 0.011429 0.015228
1 0.390357 0.032360 0.009286 0.016497
1 0.407857 0.023477 0.010000 0.011421
1 0.382857 0.018401 0.010000 0.008883
1 0.353929 0.020939 0.010714 0.013959
1 0.373929 0.157360 0.009286 0.015228
1 0.352500 0.155457 0.006429 0.008883
1 0.343214 0.153553 0.007857 0.012690
1 0.316786 0.006345 0.010714 0.010152
1 0.435714 0.054569 0.010000 0.012690
1 0.590357 0.161802 0.017857 0.019036
1 0.547500 0.146574 0.013571 0.016497
0 0.373214 0.327411 0.003571 0.012690
0 0.369643 0.325508 0.003571 0.013959
0 0.584643 0.359772 0.005000 0.024112
0 0.592500 0.394670 0.006429 0.020305