1 0.677500 0.895714 0.092143 0.208571
1 0.766786 0.928095 0.086429 0.143810
1 0.497857 0.889048 0.087143 0.221905
1 0.396071 0.880000 0.103571 0.230476
1 0.295000 0.832857 0.141429 0.227619
1 0.106786 0.752857 0.147857 0.202857
1 0.519286 0.632857 0.065714 0.170476
1 0.667857 0.533333 0.060000 0.144762
1 0.606071 0.533333 0.040714 0.131429
1 0.545714 0.482857 0.047143 0.144762
1 0.431786 0.455714 0.105000 0.092381
1 0.845714 0.565238 0.134286 0.080952
1 0.838571 0.620952 0.148571 0.114286
1 0.457500 0.377619 0.103571 0.067619
1 0.483571 0.316667 0.092857 0.061905
1 0.615000 0.398571 0.052857 0.115238
1 0.368571 0.224762 0.061429 0.070476
0 0.353214 0.164286 0.013571 0.037143
0 0.222500 0.389048 0.017857 0.046667
1 0.047143 0.467619 0.094286 0.116190
0 0.061786 0.458095 0.026429 0.024762
1 0.497143 0.250476 0.074286 0.057143
1 0.513214 0.187143 0.069286 0.058095
1 0.584643 0.081905 0.063571 0.051429
1 0.538929 0.152381 0.069286 0.057143
1 0.674643 0.156667 0.030714 0.063810
1 0.576071 0.232381 0.043571 0.081905
1 0.652857 0.277143 0.035714 0.093333
1 0.671429 0.216667 0.030000 0.063810
1 0.681429 0.111429 0.028571 0.047619
1 0.685714 0.078571 0.025714 0.052381
1 0.685714 0.045238 0.028571 0.040952
1 0.717857 0.076190 0.032857 0.057143
1 0.589286 0.042857 0.067143 0.030476
1 0.601429 0.009524 0.048571 0.019048
1 0.689643 0.015238 0.020714 0.026667
1 0.718929 0.017619 0.030714 0.035238
0 0.740357 0.203810 0.015000 0.040000
1 0.827500 0.443333 0.065000 0.126667
1 0.800714 0.293810 0.097143 0.054286
1 0.802500 0.263333 0.105000 0.046667
1 0.797857 0.229524 0.087143 0.040000
1 0.818214 0.208571 0.082143 0.041905
1 0.804286 0.179048 0.082857 0.041905
1 0.792500 0.145714 0.067857 0.040000
1 0.782500 0.124286 0.075000 0.033333
1 0.780000 0.104286 0.072857 0.040952
1 0.784286 0.076190 0.065714 0.032381
1 0.782500 0.054286 0.063571 0.032381
1 0.780714 0.033810 0.061429 0.025714
1 0.791429 0.022381 0.051429 0.021905
1 0.782857 0.011905 0.061429 0.023810
0 0.325714 0.950000 0.037143 0.048571
1 0.150714 0.095238 0.058571 0.047619
1 0.087143 0.151429 0.064286 0.068571
1 0.065000 0.122857 0.068571 0.051429
1 0.060714 0.092857 0.061429 0.052381
1 0.127500 0.079524 0.050714 0.050476
1 0.132143 0.047143 0.055714 0.048571
1 0.186786 0.038571 0.050714 0.046667
1 0.026071 0.087619 0.052143 0.051429
1 0.236071 0.031429 0.050714 0.051429