0 0.070000 0.951429 0.017143 0.020952
0 0.420000 0.895714 0.010000 0.014286
0 0.529643 0.799048 0.009286 0.019048
0 0.678929 0.651905 0.007857 0.016190
0 0.689643 0.630476 0.007857 0.015238
0 0.533571 0.223333 0.005714 0.014286
0 0.617500 0.496190 0.006429 0.017143
0 0.600000 0.960000 0.011429 0.020952
0 0.351071 0.981429 0.013571 0.012381
0 0.632500 0.938095 0.009286 0.017143
0 0.593571 0.850952 0.008571 0.018095
0 0.620357 0.844286 0.007857 0.014286
0 0.783571 0.987619 0.011429 0.019048
0 0.613214 0.790476 0.006429 0.017143
0 0.664643 0.709524 0.009286 0.017143
0 0.612857 0.597143 0.007143 0.017143
0 0.575357 0.407143 0.005000 0.012381
0 0.582857 0.464762 0.007143 0.011429
0 0.570000 0.374286 0.007143 0.009524
1 0.560357 0.701905 0.026429 0.059048
1 0.654286 0.658571 0.027143 0.052381
1 0.773571 0.440952 0.028571 0.040000
1 0.550357 0.220952 0.013571 0.022857
1 0.493929 0.224286 0.012143 0.025714
1 0.538571 0.179524 0.012857 0.021905
1 0.544286 0.200952 0.014286 0.022857
1 0.494286 0.203333 0.014286 0.023810
1 0.490714 0.185714 0.011429 0.017143
1 0.470714 0.060000 0.010000 0.017143
1 0.537857 0.513333 0.020000 0.045714
1 0.504643 0.286667 0.012143 0.028571
1 0.591429 0.231905 0.028571 0.021905
1 0.513214 0.346667 0.013571 0.036190
1 0.507500 0.314762 0.012143 0.033333
1 0.486429 0.162857 0.012857 0.026667
1 0.483929 0.139524 0.015000 0.027619
1 0.471786 0.036667 0.015000 0.014286
1 0.510357 0.060476 0.009286 0.016190
1 0.489286 0.049524 0.010000 0.015238