1 0.538214 0.319162 0.019286 0.057107
1 0.146786 0.598985 0.039286 0.055838
1 0.194643 0.609137 0.032143 0.058376
1 0.285714 0.426396 0.020000 0.073604
1 0.313929 0.418782 0.022143 0.060914
1 0.336786 0.397208 0.022143 0.048223
1 0.364643 0.355964 0.029286 0.059645
1 0.064643 0.138325 0.023571 0.040609
1 0.491786 0.105330 0.016429 0.043147
0 0.377143 0.476523 0.008571 0.026650
0 0.384286 0.036168 0.005714 0.019036
0 0.552857 0.237310 0.005714 0.022843
0 0.531429 0.890228 0.011429 0.031726
0 0.593214 0.911168 0.009286 0.030457
0 0.666429 0.848985 0.011429 0.017766