1 0.272500 0.750000 0.043571 0.073333
1 0.591071 0.251429 0.009286 0.013333
1 0.500357 0.244286 0.016429 0.016190
1 0.551071 0.165714 0.006429 0.007619
1 0.532500 0.128571 0.005000 0.005714
1 0.653571 0.254762 0.017143 0.010476
0 0.605357 0.238095 0.002143 0.005714
0 0.574286 0.163810 0.002857 0.005714
1 0.582143 0.116667 0.010000 0.006667
1 0.581429 0.112857 0.011429 0.006667
1 0.601786 0.107143 0.010714 0.006667
1 0.618214 0.113333 0.010714 0.007619
1 0.596071 0.092857 0.005000 0.004762
1 0.588929 0.094286 0.006429 0.005714
1 0.446786 0.141905 0.006429 0.009524
1 0.509643 0.081905 0.003571 0.005714
0 0.399643 0.557619 0.009286 0.021905
1 0.637857 0.297143 0.015714 0.015238
1 0.204286 0.180476 0.014286 0.008571
1 0.205000 0.176190 0.014286 0.009524
1 0.165000 0.208095 0.015714 0.010476