1 0.687143 0.915609 0.042857 0.112944
1 0.345357 0.511421 0.027857 0.063452
1 0.461429 0.310279 0.021429 0.057107
1 0.465714 0.241751 0.015714 0.029188
1 0.488214 0.197970 0.013571 0.035533
1 0.610714 0.414975 0.021429 0.040609
1 0.479286 0.034264 0.010000 0.017766
1 0.518214 0.173858 0.012143 0.017766
1 0.508929 0.039340 0.010714 0.012690
1 0.518571 0.029188 0.008571 0.012690
1 0.475714 0.098350 0.011429 0.016497
1 0.470714 0.133249 0.012857 0.025381
1 0.419286 0.128173 0.012857 0.022843
1 0.400357 0.231599 0.016429 0.026650
0 0.575000 0.610406 0.011429 0.035533