0 0.540357 0.050476 0.003571 0.013333
0 0.472500 0.077619 0.003571 0.010476
0 0.524286 0.106190 0.005714 0.012381
1 0.556429 0.128095 0.021429 0.018095
1 0.531071 0.137143 0.030714 0.015238
1 0.450714 0.141429 0.030000 0.016190
1 0.532143 0.148095 0.031429 0.020000
1 0.455714 0.152381 0.030000 0.019048
1 0.456071 0.161429 0.026429 0.020000
1 0.446071 0.175714 0.033571 0.023810
1 0.453929 0.188095 0.032143 0.023810
1 0.455000 0.201905 0.032857 0.024762
1 0.449643 0.219048 0.033571 0.020952
1 0.446429 0.233810 0.037143 0.021905
1 0.456071 0.246667 0.037857 0.022857
1 0.483214 0.235714 0.019286 0.029524
1 0.456071 0.262857 0.037857 0.022857
1 0.450357 0.279524 0.037857 0.020000
1 0.450357 0.293333 0.040714 0.026667
1 0.446786 0.313333 0.040714 0.020952
1 0.452857 0.330000 0.040000 0.021905
1 0.453571 0.344762 0.041429 0.024762
1 0.485000 0.354286 0.020000 0.043810
0 0.412500 0.410952 0.006429 0.018095
0 0.427143 0.425714 0.005714 0.019048
1 0.455000 0.455238 0.041429 0.030476
1 0.456786 0.484762 0.049286 0.028571
1 0.452857 0.511429 0.050000 0.028571
1 0.459643 0.534762 0.047857 0.029524
1 0.494643 0.497619 0.022143 0.054286
1 0.498214 0.577143 0.023571 0.059048
1 0.531071 0.591905 0.026429 0.061905
1 0.436071 0.598095 0.056429 0.036190
0 0.393571 0.528095 0.007143 0.023810
0 0.564643 0.681905 0.005000 0.017143
1 0.505000 0.645238 0.028571 0.069524
1 0.456786 0.629524 0.057857 0.034286
1 0.458571 0.664286 0.061429 0.040952
1 0.429643 0.651429 0.027857 0.019048
1 0.462143 0.700000 0.061429 0.040000
1 0.470357 0.729048 0.056429 0.054286
1 0.461786 0.778095 0.067857 0.043810
1 0.466429 0.827143 0.067143 0.040952
1 0.462143 0.874286 0.071429 0.047619
1 0.525357 0.899048 0.030714 0.097143
1 0.462500 0.930952 0.075000 0.054286
1 0.481071 0.990952 0.080714 0.018095
1 0.633214 0.950952 0.039286 0.098095
1 0.625357 0.849048 0.070714 0.040952
1 0.620357 0.788095 0.073571 0.044762
1 0.583929 0.651429 0.047857 0.034286
1 0.588929 0.619524 0.067857 0.035238
1 0.570357 0.529048 0.052143 0.035238
1 0.569643 0.499048 0.055000 0.034286
1 0.566429 0.434286 0.048571 0.032381
1 0.562500 0.412857 0.047857 0.027619
1 0.563929 0.395714 0.046429 0.025714
1 0.495000 0.060476 0.022857 0.018095