1 0.027857 0.016667 0.055714 0.033333
1 0.015000 0.833333 0.030000 0.074286
1 0.040714 0.762857 0.081429 0.070476
1 0.417857 0.871905 0.078571 0.082857
1 0.672857 0.902857 0.085714 0.089524
1 0.578929 0.286190 0.043571 0.046667
1 0.627500 0.269524 0.063571 0.060952
1 0.493214 0.160476 0.056429 0.056190
1 0.466786 0.197143 0.055000 0.060952
1 0.419643 0.239048 0.119286 0.106667
0 0.162143 0.122381 0.011429 0.021905
0 0.430714 0.680952 0.011429 0.019048
1 0.941071 0.408095 0.117857 0.107619
1 0.366429 0.069048 0.102857 0.138095