1 0.557750 0.806667 0.162500 0.120000
1 0.510250 0.719000 0.175500 0.123333
1 0.633250 0.649333 0.070500 0.185333
1 0.468500 0.622667 0.182000 0.124000
0 0.702500 0.594333 0.030000 0.054000
1 0.559000 0.516667 0.105000 0.096000
1 0.442500 0.444667 0.126000 0.073333
1 0.663750 0.309000 0.059500 0.083333
1 0.841000 0.481667 0.132000 0.079333
1 0.806000 0.382667 0.119000 0.072000
1 0.570500 0.413333 0.091000 0.125333
1 0.488000 0.392000 0.121000 0.064000
1 0.526750 0.340333 0.091500 0.070000
0 0.443750 0.324000 0.019500 0.033333
0 0.409500 0.323333 0.015000 0.030667
0 0.467250 0.278333 0.018500 0.044667
0 0.421250 0.232000 0.015500 0.046667
0 0.487500 0.249667 0.012000 0.046000
0 0.477500 0.243667 0.012000 0.042000
0 0.468500 0.259000 0.011000 0.027333
0 0.368250 0.228333 0.014500 0.031333
0 0.357000 0.253667 0.013000 0.040667
0 0.357750 0.243333 0.009500 0.017333
0 0.333500 0.232000 0.012000 0.036000
0 0.698250 0.240333 0.018500 0.044667
0 0.721500 0.280667 0.013000 0.044000
0 0.743750 0.246000 0.015500 0.040000
0 0.736250 0.229667 0.018500 0.040667
0 0.778250 0.288333 0.019500 0.044667
0 0.773250 0.283000 0.018500 0.043333