1 0.225357 0.319797 0.042143 0.048223
1 0.275000 0.340736 0.040000 0.062183
1 0.374643 0.171954 0.030714 0.044416
1 0.438929 0.079315 0.025000 0.034264
1 0.417143 0.011421 0.024286 0.022843
1 0.476071 0.486675 0.026429 0.057107
1 0.567500 0.357868 0.023571 0.053299
1 0.362143 0.623096 0.030000 0.058376
1 0.657857 0.817893 0.027143 0.092640
1 0.598929 0.119924 0.013571 0.031726
1 0.648929 0.103426 0.013571 0.029188
1 0.982143 0.821066 0.034286 0.096447
1 0.586786 0.237310 0.019286 0.048223
1 0.497500 0.774746 0.037857 0.112944
0 0.886786 0.460660 0.009286 0.027919
0 0.376429 0.234137 0.028571 0.049492
1 0.292857 0.832487 0.050000 0.101523
1 0.475000 0.063452 0.027143 0.048223
0 0.796786 0.194797 0.007857 0.021574
0 0.802857 0.190990 0.007143 0.021574
1 0.612500 0.051396 0.012143 0.039340
0 0.960714 0.328680 0.008571 0.025381
0 0.962143 0.353426 0.007143 0.024112
0 0.753929 0.216371 0.006429 0.024112