1 0.478079 0.855751 0.064718 0.054731
0 0.624217 0.538961 0.007307 0.025974
1 0.099426 0.513915 0.038100 0.046382
0 0.035230 0.414193 0.005741 0.021336
0 0.199635 0.309369 0.005741 0.015770
0 0.157881 0.314007 0.004697 0.012059
0 0.154749 0.313080 0.003653 0.013915
0 0.145616 0.314471 0.006263 0.016698
0 0.139353 0.317718 0.008351 0.019481
0 0.143267 0.311688 0.004697 0.018553
1 0.278706 0.267161 0.025052 0.022263
1 0.372129 0.234694 0.018789 0.020408
1 0.383351 0.213358 0.017223 0.014842
1 0.421451 0.176716 0.014092 0.015770
0 0.489823 0.144712 0.002610 0.009276
0 0.544885 0.157699 0.003132 0.009276
1 0.656837 0.153989 0.009916 0.014842
1 0.667015 0.149351 0.013570 0.012987
1 0.674843 0.146568 0.010438 0.014842
1 0.676409 0.159555 0.017745 0.012987
1 0.725470 0.120130 0.007307 0.013915
1 0.717641 0.108534 0.007307 0.012987