1 0.376786 0.399048 0.053571 0.053333
0 0.353214 0.973333 0.016429 0.017143
1 0.714643 0.611429 0.065000 0.068571
0 0.665000 0.346190 0.005714 0.027619
1 0.603214 0.250476 0.036429 0.036190
1 0.715000 0.279524 0.040000 0.044762
1 0.719643 0.196667 0.042143 0.037143
1 0.752143 0.160000 0.047143 0.026667
0 0.718214 0.229048 0.007857 0.023810
0 0.629643 0.219524 0.009286 0.021905
0 0.638571 0.213810 0.011429 0.016190
1 0.796786 0.205238 0.063571 0.067619
1 0.896429 0.411905 0.047143 0.050476
1 0.810000 0.496667 0.055714 0.056190