1 0.317143 0.721447 0.014286 0.052030
1 0.078214 0.085025 0.016429 0.035533
1 0.051429 0.178934 0.018571 0.035533
1 0.152143 0.389594 0.014286 0.040609
1 0.200000 0.362944 0.014286 0.045685
1 0.478929 0.052665 0.012143 0.034264
1 0.646071 0.010787 0.026429 0.021574
1 0.657143 0.052030 0.025714 0.025381
1 0.657500 0.071701 0.026429 0.024112
1 0.662857 0.092005 0.027143 0.024112
1 0.557143 0.352792 0.025714 0.035533
1 0.456786 0.406091 0.027857 0.022843
0 0.497500 0.345178 0.005000 0.007614
0 0.495000 0.350254 0.002857 0.007614
0 0.898929 0.186548 0.005000 0.012690
0 0.981429 0.176396 0.004286 0.010152
0 0.980357 0.458756 0.005000 0.008883
0 0.776429 0.675761 0.005714 0.011421
0 0.768929 0.662437 0.006429 0.010152
0 0.768571 0.674492 0.005714 0.008883
1 0.963929 0.927665 0.025000 0.058376
1 0.985357 0.928934 0.029286 0.063452
1 0.870714 0.760152 0.021429 0.053299
1 0.903929 0.743655 0.020714 0.050761
1 0.922857 0.737944 0.022857 0.054569
1 0.710714 0.942893 0.020000 0.050761
1 0.701429 0.878807 0.020000 0.054569
1 0.237500 0.756980 0.015000 0.054569
1 0.125714 0.698604 0.014286 0.049492
1 0.158929 0.850254 0.016429 0.048223
1 0.163214 0.486041 0.032143 0.025381
0 0.580000 0.551396 0.004286 0.011421