1 0.231786 0.815990 0.026429 0.055838
1 0.477857 0.763325 0.022857 0.064721
1 0.425357 0.527284 0.017857 0.031726
1 0.521071 0.387056 0.015000 0.030457
1 0.624643 0.668782 0.017857 0.045685
1 0.624643 0.535533 0.015000 0.032995
1 0.938929 0.388959 0.026429 0.026650
1 0.769286 0.249365 0.010000 0.016497
1 0.783929 0.227157 0.009286 0.015228
1 0.793929 0.203680 0.009286 0.019036
1 0.482143 0.270939 0.014286 0.019036
1 0.596786 0.212563 0.010714 0.016497
1 0.653571 0.151015 0.010000 0.017766
1 0.671429 0.159898 0.010000 0.010152
1 0.778571 0.102792 0.007143 0.010152
1 0.454643 0.355330 0.015000 0.027919
1 0.508214 0.236041 0.012143 0.017766
1 0.499643 0.264594 0.013571 0.021574
1 0.614286 0.162437 0.010000 0.012690
1 0.723929 0.138959 0.010714 0.008883
1 0.818214 0.150381 0.010714 0.011421
1 0.811786 0.086294 0.007857 0.010152
1 0.862500 0.078046 0.006429 0.011421
1 0.855000 0.072335 0.005714 0.007614
1 0.734286 0.112310 0.010000 0.013959