1 0.147143 0.907360 0.037143 0.055838
1 0.065714 0.806472 0.032857 0.049492
1 0.009286 0.721447 0.018571 0.046954
0 0.029286 0.839467 0.010000 0.011421
1 0.221071 0.815990 0.035000 0.045685
0 0.388929 0.813452 0.007857 0.015228
1 0.033929 0.303934 0.026429 0.036802
1 0.014286 0.415609 0.028571 0.054569
1 0.134286 0.234137 0.031429 0.041878
1 0.331786 0.017766 0.023571 0.035533
1 0.136786 0.443528 0.025000 0.041878
1 0.347857 0.715102 0.032857 0.049492
1 0.503571 0.619289 0.027143 0.045685
1 0.522857 0.705584 0.025714 0.058376
1 0.555357 0.718909 0.022143 0.054569
1 0.659286 0.777919 0.035714 0.053299
1 0.671429 0.751269 0.034286 0.048223
1 0.687500 0.727792 0.033571 0.046954
1 0.823929 0.987310 0.040714 0.022843
1 0.800000 0.963198 0.042857 0.035533
1 0.768214 0.934010 0.042143 0.035533
1 0.746071 0.902919 0.040714 0.039340
0 0.929286 0.415609 0.007143 0.013959
0 0.958929 0.265863 0.003571 0.016497
0 0.942143 0.239213 0.005714 0.008883
0 0.938214 0.171320 0.009286 0.012690
0 0.936429 0.156726 0.005714 0.008883
0 0.938929 0.152919 0.007857 0.008883
0 0.844643 0.048858 0.005000 0.013959
0 0.850000 0.057107 0.005714 0.012690
0 0.867143 0.056472 0.005714 0.013959
1 0.597143 0.357234 0.030000 0.039340
1 0.661429 0.220178 0.025714 0.031726
1 0.628929 0.189086 0.026429 0.032995
1 0.601071 0.159898 0.026429 0.035533