1 0.673214 0.867143 0.109286 0.265714
1 0.334286 0.925238 0.110000 0.149524
1 0.647143 0.615238 0.068571 0.135238
1 0.368214 0.702857 0.079286 0.188571
1 0.629286 0.476190 0.060000 0.131429
1 0.611071 0.377619 0.049286 0.103810
1 0.421786 0.381905 0.049286 0.089524
1 0.593214 0.308571 0.039286 0.066667
1 0.585357 0.258095 0.035000 0.051429
1 0.581071 0.213333 0.035000 0.051429
1 0.568929 0.173333 0.026429 0.041905
1 0.436786 0.192381 0.053571 0.059048
1 0.450357 0.155238 0.052143 0.038095
1 0.469286 0.130952 0.022857 0.039048
1 0.626071 0.051905 0.039286 0.023810
1 0.613929 0.064286 0.040714 0.025714
1 0.522857 0.022857 0.021429 0.022857
1 0.508214 0.008571 0.016429 0.017143
1 0.703571 0.070952 0.037143 0.031429
0 0.720000 0.040000 0.008571 0.022857
0 0.464643 0.185714 0.007857 0.034286
0 0.462857 0.170476 0.010000 0.026667
0 0.453571 0.162857 0.010000 0.028571
0 0.471786 0.163810 0.012143 0.034286
0 0.500357 0.162857 0.009286 0.036190
0 0.533214 0.121905 0.010714 0.026667
0 0.538214 0.120952 0.007857 0.028571
0 0.514643 0.040476 0.006429 0.016190
0 0.687500 0.260000 0.015000 0.040000
0 0.676071 0.261429 0.010714 0.037143
0 0.493214 0.030000 0.005000 0.021905
0 0.503929 0.037143 0.007857 0.022857
0 0.585000 0.027619 0.005714 0.020952