1 0.797250 0.941667 0.170500 0.116667
1 0.710500 0.847667 0.147000 0.114000
1 0.678500 0.710333 0.140000 0.103333
1 0.691000 0.532000 0.083000 0.101333
1 0.592000 0.427000 0.106000 0.067333
1 0.605750 0.374333 0.095500 0.058000
1 0.602750 0.330667 0.091500 0.060000
1 0.568500 0.273000 0.093000 0.058000
1 0.576250 0.217667 0.064500 0.056667
1 0.522000 0.138667 0.063000 0.052000
1 0.510250 0.066000 0.057500 0.036000
0 0.470000 0.066000 0.010000 0.034667
1 0.495500 0.031000 0.055000 0.040667
1 0.477000 0.018333 0.050000 0.036667
1 0.337500 0.416667 0.097000 0.081333
0 0.457750 0.364333 0.011500 0.044667
0 0.395500 0.330000 0.014000 0.040000
1 0.333500 0.291667 0.082000 0.068667
1 0.338250 0.248000 0.080500 0.056000
1 0.338750 0.162667 0.065500 0.054667
1 0.336250 0.129333 0.060500 0.061333
0 0.311750 0.104333 0.011500 0.032667
1 0.328000 0.100667 0.031000 0.045333
1 0.023250 0.472333 0.046500 0.075333
1 0.032500 0.408667 0.065000 0.054667
1 0.038500 0.356667 0.077000 0.054667
1 0.041750 0.318333 0.083500 0.050000
1 0.057000 0.285667 0.094000 0.046000
1 0.129500 0.155333 0.035000 0.056000
1 0.202000 0.246333 0.040000 0.080667