1 0.541429 0.133810 0.004286 0.006667
1 0.513571 0.270952 0.007143 0.012381
1 0.496071 0.366190 0.010714 0.021905
0 0.442500 0.445714 0.002143 0.013333
0 0.460357 0.429048 0.002143 0.010476
0 0.458214 0.400952 0.002143 0.009524
0 0.566071 0.289048 0.002143 0.008571
1 0.608571 0.117143 0.002857 0.003810
1 0.440714 0.228095 0.011429 0.008571
1 0.424643 0.190000 0.012143 0.006667
1 0.449643 0.220000 0.015000 0.009524
1 0.453929 0.215238 0.010714 0.009524
1 0.427143 0.206667 0.014286 0.009524
1 0.777857 0.351905 0.010000 0.014286
1 0.809286 0.328571 0.011429 0.013333
1 0.823571 0.329048 0.012857 0.014286
0 0.685357 0.406667 0.003571 0.007619
1 0.268571 0.270000 0.031429 0.021905
1 0.237143 0.278095 0.028571 0.022857
0 0.360714 0.744762 0.007143 0.019048