1 0.076429 0.664975 0.071429 0.104061
1 0.265357 0.315990 0.023571 0.035533
1 0.307857 0.326777 0.024286 0.031726
1 0.317143 0.254442 0.017143 0.021574
1 0.341071 0.218274 0.015000 0.017766
1 0.369286 0.204949 0.014286 0.021574
1 0.550714 0.707487 0.028571 0.064721
1 0.503929 0.952411 0.037857 0.092640
1 0.725000 0.709391 0.052857 0.045685
1 0.742500 0.602792 0.046429 0.035533
1 0.578214 0.420051 0.019286 0.032995
1 0.547500 0.374365 0.013571 0.035533
1 0.720357 0.681472 0.050714 0.040609
1 0.711071 0.653553 0.045000 0.043147
1 0.644286 0.684010 0.031429 0.068528
1 0.505000 0.835660 0.035714 0.092640
0 0.516429 0.768401 0.008571 0.039340
1 0.693571 0.607868 0.055714 0.045685
1 0.754286 0.616117 0.052857 0.049492
1 0.739286 0.586294 0.054286 0.043147
1 0.742143 0.604695 0.045714 0.039340
1 0.703571 0.628173 0.040000 0.032995
0 0.578571 0.375000 0.005714 0.019036
0 0.586429 0.373096 0.004286 0.022843
0 0.594643 0.399746 0.003571 0.012690
0 0.598929 0.396574 0.003571 0.021574
0 0.601429 0.398477 0.004286 0.015228
1 0.547857 0.299492 0.010000 0.022843
1 0.538929 0.264594 0.010714 0.016497
1 0.096071 0.445431 0.049286 0.048223
1 0.138571 0.363579 0.035714 0.039340
1 0.177143 0.298223 0.028571 0.032995
1 0.353571 0.279188 0.021429 0.035533
1 0.290714 0.243020 0.017143 0.021574
1 0.270000 0.220812 0.017143 0.020305
1 0.288571 0.218909 0.015714 0.021574
1 0.306071 0.184010 0.010714 0.012690
1 0.323929 0.201142 0.012143 0.013959
1 0.346429 0.170685 0.008571 0.011421
1 0.358571 0.147843 0.007143 0.011421
1 0.363214 0.140228 0.006429 0.011421
1 0.022857 0.473985 0.045714 0.052030
1 0.363214 0.176396 0.010714 0.017766
1 0.367857 0.165609 0.010000 0.019036
1 0.385714 0.166244 0.008571 0.015228
1 0.400714 0.162437 0.008571 0.012690