1 0.272443 0.129406 0.042797 0.043599
1 0.484342 0.084416 0.046973 0.042672
1 0.649791 0.216605 0.031315 0.073284
1 0.618215 0.330705 0.023486 0.076994
1 0.524269 0.248609 0.024530 0.063080
1 0.490084 0.246753 0.024008 0.072356
1 0.466336 0.263915 0.026618 0.075139
1 0.436326 0.266698 0.026096 0.075139
1 0.403184 0.274583 0.023486 0.077922
1 0.342641 0.403061 0.058977 0.041744
1 0.475209 0.439703 0.053758 0.048237
1 0.297756 0.302412 0.024530 0.077922
1 0.222860 0.406308 0.024008 0.081633
1 0.288883 0.613173 0.027662 0.107607
1 0.325157 0.615492 0.025052 0.097403
1 0.399530 0.589981 0.024530 0.087199
1 0.511482 0.576994 0.032359 0.092764
1 0.524008 0.699443 0.033403 0.111317
1 0.591597 0.556122 0.034969 0.086271
1 0.621347 0.543599 0.040188 0.092764
1 0.657620 0.528757 0.037578 0.083488
1 0.693372 0.526438 0.040188 0.093692