1 0.287857 0.309524 0.014286 0.038095
1 0.306786 0.322381 0.015000 0.039048
1 0.276071 0.128095 0.015000 0.037143
1 0.300357 0.126667 0.013571 0.032381
1 0.024643 0.401429 0.029286 0.033333
0 0.223929 0.648095 0.010714 0.010476
1 0.196429 0.724286 0.025714 0.021905
1 0.225357 0.740952 0.025000 0.019048
1 0.294643 0.784286 0.022143 0.023810
1 0.563929 0.935714 0.013571 0.035238
1 0.528571 0.817143 0.025714 0.030476
1 0.573929 0.499524 0.012143 0.039048
1 0.573571 0.590952 0.011429 0.037143
1 0.682143 0.011429 0.011429 0.022857
1 0.687143 0.195714 0.011429 0.037143
1 0.687143 0.298095 0.014286 0.036190
1 0.692143 0.371429 0.014286 0.038095
1 0.811786 0.561429 0.013571 0.037143
1 0.797143 0.922381 0.014286 0.044762
0 0.554286 0.192857 0.004286 0.010476
0 0.563929 0.118095 0.005000 0.011429
0 0.553214 0.130952 0.003571 0.008571
0 0.548929 0.038571 0.003571 0.006667