1 0.086071 0.121193 0.007857 0.006345
1 0.014286 0.743655 0.011429 0.020305
1 0.005357 0.722081 0.010714 0.022843
1 0.088929 0.846447 0.023571 0.032995
0 0.008571 0.968909 0.004286 0.011421
0 0.008929 0.968274 0.002143 0.007614
0 0.011071 0.975254 0.003571 0.008883
0 0.005714 0.982868 0.005714 0.013959
1 0.252500 0.986675 0.013571 0.024112
0 0.201071 0.971447 0.003571 0.011421
0 0.200714 0.965102 0.002857 0.011421
0 0.262500 0.859137 0.003571 0.010152
0 0.271071 0.839467 0.003571 0.008883
0 0.340714 0.838832 0.002857 0.010152
0 0.328929 0.937817 0.002143 0.010152
0 0.332857 0.939721 0.002857 0.006345
0 0.333571 0.949239 0.002857 0.007614
1 0.464643 0.864848 0.009286 0.034264
0 0.438214 0.724619 0.002143 0.010152
0 0.441071 0.724619 0.002143 0.010152
0 0.443929 0.697970 0.002143 0.007614
0 0.280714 0.562817 0.002857 0.008883
0 0.284643 0.560279 0.002143 0.006345
1 0.290000 0.605330 0.017143 0.017766
1 0.349643 0.571066 0.015000 0.012690
1 0.359643 0.550761 0.017857 0.015228
1 0.266071 0.434010 0.013571 0.012690
1 0.296071 0.463198 0.015000 0.012690
1 0.298214 0.454949 0.013571 0.011421
1 0.321786 0.456853 0.016429 0.015228
1 0.326786 0.439086 0.016429 0.015228
1 0.369643 0.439086 0.013571 0.012690
1 0.367143 0.446701 0.014286 0.010152
1 0.365000 0.454949 0.012857 0.011421
1 0.355357 0.484137 0.019286 0.016497
1 0.325000 0.530457 0.010000 0.017766
1 0.464643 0.616751 0.007857 0.020305
1 0.471429 0.571066 0.008571 0.020305
1 0.479643 0.515228 0.007857 0.015228
0 0.450000 0.463832 0.001429 0.006345
0 0.453929 0.463832 0.002143 0.006345
1 0.490357 0.524746 0.007857 0.013959
1 0.487500 0.485406 0.007857 0.013959
1 0.500714 0.441624 0.007143 0.010152
1 0.504286 0.461929 0.007143 0.012690
1 0.485000 0.368655 0.011429 0.011421
1 0.512143 0.432107 0.007143 0.011421
1 0.508571 0.413071 0.007143 0.013959
1 0.526786 0.377538 0.006429 0.011421
1 0.511429 0.389594 0.005714 0.012690
1 0.528929 0.352792 0.005000 0.012690
1 0.536429 0.307741 0.005714 0.011421
1 0.546071 0.310279 0.006429 0.011421
1 0.537857 0.274746 0.004286 0.008883
0 0.509643 0.317259 0.002143 0.005076
1 0.519643 0.170685 0.012143 0.008883
1 0.527143 0.163071 0.010000 0.008883
0 0.570357 0.761421 0.003571 0.012690