1 0.383214 0.035238 0.029286 0.066667
1 0.522500 0.072381 0.025000 0.087619
1 0.518929 0.189524 0.032143 0.102857
1 0.514643 0.313333 0.029286 0.100952
1 0.522857 0.435714 0.032857 0.111429
1 0.521786 0.685238 0.036429 0.113333
1 0.522143 0.837143 0.037143 0.121905
1 0.366071 0.855714 0.037857 0.109524
1 0.368214 0.704286 0.036429 0.109524
1 0.369286 0.574286 0.037143 0.108571
1 0.307857 0.470000 0.035714 0.100000
1 0.308214 0.589048 0.032143 0.101905
0 0.255714 0.230000 0.008571 0.010476
0 0.289286 0.237143 0.010000 0.019048
0 0.278214 0.201905 0.012143 0.020952
0 0.303571 0.223333 0.011429 0.021905
0 0.340357 0.133333 0.007857 0.019048
0 0.269286 0.465714 0.014286 0.015238
0 0.275357 0.462381 0.015000 0.021905
0 0.335714 0.690952 0.011429 0.027619
0 0.260357 0.938571 0.017857 0.033333
0 0.267143 0.876667 0.010000 0.031429