1 0.461378 0.083952 0.022965 0.080705
1 0.494520 0.077458 0.027662 0.093692
1 0.533403 0.071892 0.027140 0.091837
1 0.573069 0.079314 0.030271 0.091837
1 0.670929 0.070965 0.026618 0.099258
1 0.705376 0.125232 0.029749 0.094620
1 0.794624 0.105288 0.032881 0.097403
1 0.875522 0.088126 0.037056 0.083488
1 0.780793 0.420223 0.038622 0.116883
1 0.737735 0.425325 0.031837 0.125232
1 0.692328 0.396568 0.028706 0.110390
1 0.639353 0.395640 0.032359 0.114100
1 0.557933 0.451763 0.031315 0.094620
1 0.491388 0.435993 0.031837 0.113173
1 0.280010 0.902597 0.044363 0.155844