1 0.625714 0.111429 0.034286 0.026667
1 0.625000 0.136190 0.031429 0.022857
1 0.622857 0.152381 0.034286 0.022857
1 0.625714 0.176190 0.035714 0.024762
1 0.623571 0.227143 0.037143 0.025714
1 0.624286 0.250476 0.042857 0.022857
1 0.624643 0.274762 0.039286 0.025714
1 0.629643 0.301429 0.042143 0.023810
0 0.493571 0.485238 0.008571 0.006667
0 0.227857 0.356667 0.008571 0.016190
0 0.235714 0.343333 0.008571 0.014286
0 0.146429 0.380000 0.008571 0.017143
1 0.197143 0.292857 0.041429 0.025714
1 0.194643 0.322857 0.040714 0.026667
1 0.200000 0.541905 0.028571 0.059048
1 0.164643 0.604286 0.029286 0.065714
1 0.138214 0.603333 0.027857 0.058095
1 0.250714 0.550000 0.024286 0.058095
1 0.266786 0.608571 0.027857 0.060952
1 0.295000 0.608095 0.022857 0.061905
1 0.322143 0.612381 0.024286 0.062857
1 0.266071 0.728095 0.049286 0.029524
1 0.261786 0.765238 0.053571 0.031429
1 0.257143 0.802381 0.052857 0.027619
1 0.254643 0.847143 0.050714 0.033333
1 0.244643 0.888571 0.057857 0.032381
1 0.242857 0.937143 0.054286 0.034286
1 0.234643 0.985238 0.063571 0.029524
1 0.477857 0.947619 0.054286 0.032381
1 0.478571 0.905714 0.055714 0.030476
1 0.476786 0.864286 0.053571 0.033333
1 0.481786 0.824762 0.052143 0.030476
1 0.485000 0.784286 0.051429 0.033333
1 0.492143 0.747619 0.047143 0.030476
1 0.460357 0.561905 0.017857 0.055238
1 0.455000 0.626190 0.020000 0.056190
1 0.481786 0.623810 0.020714 0.060952
1 0.510714 0.561429 0.017143 0.052381
1 0.535000 0.566667 0.020000 0.053333
1 0.533571 0.628095 0.018571 0.063810
1 0.559286 0.630476 0.018571 0.062857
1 0.561786 0.561905 0.019286 0.059048
1 0.614643 0.568571 0.022143 0.057143
1 0.638929 0.574286 0.019286 0.064762
1 0.640714 0.647143 0.022857 0.067619
1 0.975714 0.586667 0.031429 0.064762