1 0.167500 0.908095 0.099286 0.176190
1 0.383929 0.331905 0.052143 0.082857
1 0.327500 0.379048 0.049286 0.085714
1 0.220000 0.648095 0.078571 0.113333
1 0.281786 0.513333 0.073571 0.102857
1 0.160357 0.579048 0.079286 0.108571
1 0.387500 0.237619 0.049286 0.088571
1 0.304643 0.270952 0.053571 0.084762
1 0.548571 0.482381 0.045714 0.096190
1 0.575357 0.382381 0.042143 0.084762
1 0.675000 0.481905 0.045714 0.099048
1 0.666786 0.208571 0.033571 0.076190
1 0.607857 0.225238 0.035714 0.063810
1 0.482143 0.087619 0.034286 0.064762
1 0.636786 0.060952 0.027857 0.045714
1 0.729286 0.097143 0.060000 0.043810
1 0.717857 0.384762 0.085714 0.060952
1 0.724643 0.423333 0.076429 0.058095
1 0.739643 0.071429 0.066429 0.045714
0 0.664286 0.107619 0.011429 0.034286
1 0.648571 0.019524 0.024286 0.039048
0 0.358571 0.456667 0.012857 0.033333
0 0.348929 0.435238 0.013571 0.034286
1 0.584286 0.853333 0.051429 0.150476
0 0.493929 0.856190 0.023571 0.022857