1 0.136429 0.214467 0.010000 0.007614
1 0.119286 0.205584 0.010000 0.007614
1 0.165000 0.199873 0.010000 0.008883
1 0.181071 0.210025 0.009286 0.006345
1 0.028929 0.208756 0.009286 0.006345
1 0.250714 0.190355 0.011429 0.007614
1 0.337500 0.182107 0.009286 0.008883
1 0.411071 0.203680 0.010714 0.008883
1 0.465714 0.252538 0.004286 0.010152
1 0.453929 0.402284 0.005000 0.015228
0 0.434286 0.435279 0.002857 0.007614
0 0.434643 0.409898 0.002143 0.010152
0 0.436071 0.400381 0.002143 0.008883
0 0.443929 0.323604 0.002143 0.007614
0 0.441786 0.359772 0.002143 0.008883
0 0.445000 0.354061 0.002857 0.010152
1 0.468571 0.507614 0.007143 0.020305
1 0.654643 0.532360 0.015000 0.011421
1 0.656071 0.515228 0.013571 0.017766
1 0.655714 0.520939 0.015714 0.016497
1 0.604643 0.555203 0.015000 0.013959
1 0.601429 0.535533 0.014286 0.012690
1 0.601429 0.526650 0.015714 0.012690
0 0.790714 0.520939 0.002857 0.008883
0 0.787500 0.559010 0.002143 0.008883
0 0.782857 0.585660 0.004286 0.003807
0 0.750000 0.556472 0.002857 0.008883
0 0.759286 0.552030 0.001429 0.007614
0 0.765000 0.561548 0.002857 0.006345
0 0.676071 0.517132 0.002143 0.006345
1 0.670000 0.672589 0.017143 0.015228
1 0.649643 0.670051 0.017857 0.015228
1 0.630714 0.668147 0.017143 0.013959
1 0.692143 0.935279 0.020000 0.020305
1 0.797143 0.890863 0.021429 0.015228
1 0.724286 0.964467 0.012857 0.038071
1 0.799643 0.927030 0.022143 0.021574
1 0.797500 0.909264 0.020714 0.021574
1 0.415000 0.917513 0.011429 0.032995
1 0.428214 0.788706 0.009286 0.026650
1 0.437500 0.857868 0.009286 0.032995
1 0.427857 0.706218 0.011429 0.024112
1 0.435714 0.605964 0.012857 0.021574
1 0.412500 0.625000 0.016429 0.019036
1 0.359643 0.647208 0.019286 0.015228
1 0.336786 0.628173 0.017857 0.015228
1 0.358214 0.553299 0.009286 0.020305
1 0.348571 0.553934 0.010000 0.019036
1 0.339643 0.552030 0.009286 0.022843
1 0.318214 0.551396 0.010714 0.019036
1 0.245000 0.546954 0.011429 0.020305
1 0.288214 0.621827 0.017857 0.012690
1 0.230714 0.623096 0.017143 0.015228
1 0.231429 0.546954 0.011429 0.017766
1 0.220000 0.546954 0.010000 0.017766
1 0.206429 0.545685 0.011429 0.017766
1 0.190000 0.543147 0.012857 0.020305
1 0.181786 0.543147 0.012143 0.020305
1 0.320714 0.967640 0.022857 0.021574
1 0.135000 0.982234 0.024286 0.022843
1 0.141071 0.618020 0.016429 0.012690
1 0.161429 0.539975 0.012857 0.019036
1 0.136786 0.539340 0.013571 0.020305
1 0.152500 0.539975 0.010714 0.016497
1 0.144643 0.541244 0.012143 0.016497
1 0.098214 0.540609 0.017857 0.015228
1 0.075357 0.540609 0.017857 0.015228
1 0.014286 0.536168 0.018571 0.013959
1 0.121071 0.538071 0.013571 0.020305
1 0.034643 0.536802 0.017857 0.015228
1 0.056786 0.539340 0.015000 0.012690
1 0.006071 0.526015 0.012143 0.011421
1 0.021786 0.501269 0.010714 0.017766
1 0.030357 0.501269 0.012143 0.020305
1 0.035000 0.503173 0.010000 0.021574
1 0.048929 0.499365 0.009286 0.029188
1 0.056786 0.499365 0.010714 0.026650
1 0.064286 0.501269 0.008571 0.025381
1 0.074286 0.500635 0.010000 0.026650
1 0.102500 0.504442 0.010714 0.024112
1 0.087500 0.506980 0.012143 0.021574
1 0.071429 0.471447 0.017143 0.011421
1 0.111071 0.459391 0.016429 0.015228
1 0.107143 0.440990 0.015714 0.011421
1 0.114643 0.354061 0.017857 0.017766
1 0.103214 0.379442 0.015000 0.015228
1 0.131429 0.319797 0.018571 0.015228
1 0.150714 0.283629 0.015714 0.016497
1 0.157500 0.275381 0.012143 0.017766