0 0.076071 0.350254 0.007857 0.015228
0 0.072500 0.354695 0.006429 0.016497
0 0.027857 0.326777 0.007143 0.016497
1 0.015357 0.414340 0.029286 0.026650
1 0.052143 0.448604 0.025714 0.026650
1 0.121429 0.474619 0.028571 0.025381
1 0.158571 0.483503 0.032857 0.027919
1 0.287500 0.493655 0.035000 0.025381
1 0.382857 0.504442 0.028571 0.024112
1 0.328214 0.505711 0.027857 0.021574
1 0.231071 0.491117 0.026429 0.025381
1 0.194643 0.484137 0.030714 0.026650
0 0.063571 0.875000 0.010000 0.013959
1 0.640357 0.542513 0.035000 0.029188
1 0.593214 0.532360 0.027857 0.024112
1 0.549286 0.527919 0.032857 0.027919
1 0.505000 0.517766 0.034286 0.027919
1 0.608214 0.501904 0.029286 0.024112
0 0.485357 0.903553 0.007857 0.012690
0 0.526071 0.878173 0.005000 0.010152
1 0.586071 0.975888 0.003571 0.012690
1 0.726429 0.527919 0.030000 0.027919
1 0.768214 0.531091 0.030714 0.026650
1 0.696786 0.550761 0.023571 0.020305
1 0.970357 0.546320 0.032143 0.031726
1 0.925357 0.605330 0.035000 0.035533
1 0.972500 0.621827 0.036429 0.030457