1 0.226786 0.088198 0.027857 0.031726
1 0.182857 0.126904 0.030000 0.032995
1 0.330714 0.170685 0.031429 0.026650
1 0.327143 0.199239 0.027143 0.025381
1 0.285357 0.198604 0.032143 0.019036
1 0.237857 0.172589 0.031429 0.025381
1 0.204286 0.216371 0.032857 0.026650
1 0.252143 0.273477 0.030000 0.024112
1 0.288571 0.246827 0.027143 0.024112
1 0.339286 0.276015 0.034286 0.026650
1 0.336786 0.246193 0.029286 0.025381
1 0.303214 0.224619 0.026429 0.022843
1 0.248929 0.249365 0.032143 0.024112
1 0.208571 0.272843 0.031429 0.027919
1 0.192857 0.242386 0.034286 0.025381
1 0.168571 0.270305 0.031429 0.022843
1 0.251429 0.220812 0.031429 0.025381
0 0.314643 0.044416 0.006429 0.017766
0 0.334643 0.076777 0.005000 0.016497
0 0.367143 0.081218 0.004286 0.015228
0 0.371429 0.089467 0.004286 0.013959
0 0.363214 0.065355 0.005000 0.016497
0 0.375000 0.072970 0.004286 0.016497
0 0.349286 0.066624 0.004286 0.008883
0 0.371071 0.065355 0.003571 0.013959
0 0.373214 0.061548 0.002143 0.013959
1 0.406071 0.213832 0.013571 0.039340
1 0.392143 0.016497 0.014286 0.032995
1 0.418929 0.052030 0.013571 0.038071
1 0.490357 0.013959 0.013571 0.027919
1 0.471786 0.009518 0.012143 0.019036
1 0.412857 0.418147 0.015714 0.044416
1 0.441429 0.500000 0.015714 0.040609
1 0.399286 0.925127 0.018571 0.073604
1 0.427857 0.787437 0.017143 0.062183
0 0.596786 0.829949 0.003571 0.012690
0 0.575714 0.806472 0.004286 0.008883
0 0.577143 0.799492 0.004286 0.007614
0 0.672143 0.591371 0.005714 0.007614
0 0.717857 0.644036 0.004286 0.011421
0 0.528929 0.019670 0.005000 0.013959
1 0.713571 0.095178 0.014286 0.040609
1 0.739286 0.096447 0.011429 0.032995
1 0.754286 0.096447 0.014286 0.032995
1 0.644643 0.361041 0.033571 0.021574
1 0.630000 0.332487 0.031429 0.025381
1 0.759643 0.364213 0.033571 0.025381
1 0.813929 0.368655 0.032143 0.029188
1 0.917143 0.371193 0.028571 0.021574
1 0.901786 0.337563 0.035000 0.022843
0 0.623214 0.303934 0.007857 0.013959
0 0.620000 0.582487 0.005714 0.007614
0 0.613214 0.602157 0.005000 0.011421
0 0.653571 0.547589 0.004286 0.011421
0 0.822500 0.655457 0.005000 0.011421
0 0.888929 0.647208 0.003571 0.012690
0 0.935357 0.652919 0.006429 0.013959
0 0.825357 0.630076 0.003571 0.008883
1 0.955714 0.194162 0.032857 0.025381
1 0.874286 0.098985 0.015714 0.040609
1 0.902143 0.102157 0.015714 0.036802
0 0.888571 0.104695 0.004286 0.011421
0 0.805000 0.147843 0.007143 0.013959