0 0.948500 0.945333 0.103000 0.109333
0 0.665250 0.712333 0.018500 0.044667
1 0.722000 0.480667 0.129000 0.076000
1 0.719000 0.399000 0.120000 0.083333
1 0.608250 0.242333 0.095500 0.068667
1 0.552500 0.177000 0.113000 0.092667
1 0.496250 0.112333 0.043500 0.082000
1 0.320000 0.045333 0.070000 0.085333
1 0.327250 0.098333 0.079500 0.071333
1 0.276500 0.142000 0.099000 0.078667
1 0.339250 0.293333 0.079500 0.100000
1 0.346750 0.467333 0.118500 0.118667
1 0.355250 0.563667 0.126500 0.112667
1 0.514750 0.763667 0.083500 0.220667
1 0.365000 0.784333 0.133000 0.135333
1 0.358250 0.643000 0.130500 0.108667
0 0.373500 0.583667 0.016000 0.047333
1 0.404000 0.940667 0.161000 0.118667
1 0.040500 0.107000 0.066000 0.086000