0 0.764750 0.975333 0.046500 0.037333
1 0.878500 0.045000 0.101000 0.090000
0 0.448250 0.173667 0.020500 0.030000
1 0.933000 0.586667 0.117000 0.193333
1 0.807000 0.600333 0.115000 0.175333
1 0.673250 0.648333 0.115500 0.199333
1 0.563250 0.642000 0.098500 0.218667
1 0.447000 0.649000 0.132000 0.170000
1 0.338250 0.678000 0.127500 0.176000
1 0.188500 0.594667 0.128000 0.213333
1 0.092500 0.729000 0.144000 0.211333
1 0.014500 0.799000 0.029000 0.123333
1 0.829750 0.806000 0.186500 0.112000
0 0.449250 0.399000 0.027500 0.035333