1 0.724643 0.766667 0.102143 0.140952
1 0.620000 0.607619 0.087143 0.125714
1 0.518929 0.575714 0.087857 0.130476
1 0.527857 0.471429 0.077143 0.108571
1 0.446071 0.458095 0.070714 0.099048
1 0.455000 0.363810 0.064286 0.091429
1 0.379643 0.336190 0.060714 0.085714
1 0.400357 0.272857 0.062143 0.086667
1 0.352500 0.191905 0.055000 0.075238
1 0.309643 0.228095 0.057857 0.079048
1 0.749643 0.570952 0.063571 0.079048
0 0.173929 0.456190 0.017857 0.032381
0 0.595714 0.242381 0.014286 0.023810
0 0.401071 0.054286 0.009286 0.020952
0 0.442500 0.065714 0.013571 0.020952
0 0.437500 0.065238 0.009286 0.023810
0 0.428571 0.041429 0.007143 0.025714