1 0.345714 0.840102 0.038571 0.073604
1 0.442143 0.779188 0.035714 0.073604
1 0.473214 0.605330 0.027857 0.055838
1 0.439286 0.611041 0.028571 0.054569
1 0.467857 0.457487 0.017143 0.044416
1 0.014643 0.031726 0.023571 0.025381
1 0.025714 0.032995 0.022857 0.022843
1 0.036429 0.034898 0.024286 0.021574
1 0.069286 0.046320 0.027143 0.026650
1 0.049286 0.045051 0.025714 0.024112
1 0.011786 0.074239 0.023571 0.024112
1 0.038214 0.082487 0.025000 0.025381
1 0.068929 0.085025 0.027857 0.025381
1 0.087500 0.091371 0.026429 0.022843
1 0.095714 0.096447 0.022857 0.020305
1 0.106786 0.098350 0.023571 0.021574
1 0.118929 0.099619 0.026429 0.026650
1 0.145714 0.109772 0.024286 0.024112
1 0.156071 0.111675 0.026429 0.025381
1 0.176786 0.118655 0.023571 0.021574
1 0.101429 0.008883 0.018571 0.017766
1 0.195000 0.126904 0.024286 0.022843
1 0.210357 0.129442 0.025000 0.025381
1 0.229643 0.134518 0.025000 0.025381
1 0.074286 0.210025 0.021429 0.016497
1 0.116429 0.225888 0.022857 0.020305
1 0.170714 0.246193 0.027143 0.022843
1 0.401071 0.183376 0.022143 0.029188
1 0.336786 0.164975 0.025000 0.027919
1 0.371071 0.173858 0.022143 0.030457
1 0.384286 0.180838 0.022857 0.026650
1 0.346071 0.334391 0.030714 0.026650
1 0.418929 0.375635 0.026429 0.030457
1 0.985714 0.583756 0.028571 0.038071
1 0.937143 0.562817 0.040000 0.036802
0 0.710714 0.441624 0.005714 0.017766
1 0.892857 0.328680 0.035714 0.032995
1 0.888571 0.295685 0.031429 0.025381
1 0.890000 0.281091 0.032857 0.029188
1 0.664286 0.051396 0.011429 0.021574
1 0.602500 0.159898 0.015000 0.035533
1 0.621071 0.100254 0.013571 0.022843
1 0.640714 0.147208 0.012857 0.025381
1 0.568571 0.251904 0.018571 0.031726
1 0.598929 0.282360 0.017857 0.034264
0 0.613214 0.029188 0.003571 0.015228
0 0.596429 0.078680 0.002857 0.015228
0 0.580714 0.095178 0.002857 0.010152
0 0.591071 0.083756 0.002143 0.010152
0 0.588571 0.080584 0.002857 0.013959