1 0.286429 0.120558 0.022857 0.043147
1 0.314643 0.256980 0.026429 0.054569
1 0.391429 0.353426 0.031429 0.052030
1 0.389286 0.074239 0.041429 0.044416
1 0.419643 0.119289 0.040714 0.045685
1 0.428214 0.142132 0.040714 0.040609
1 0.441071 0.167513 0.042143 0.048223
1 0.541071 0.498096 0.047857 0.046954
1 0.629643 0.435279 0.043571 0.058376
1 0.826071 0.262690 0.033571 0.048223
0 0.920000 0.039340 0.008571 0.017766
0 0.836071 0.100254 0.006429 0.017766
0 0.828929 0.132614 0.007857 0.021574
0 0.707857 0.227792 0.007143 0.019036
0 0.687500 0.253173 0.006429 0.019036
0 0.714286 0.260152 0.007143 0.022843