1 0.412000 0.025667 0.024000 0.046000
0 0.407500 0.057667 0.008000 0.023333
1 0.348500 0.013667 0.021000 0.027333
0 0.376250 0.052667 0.009500 0.014667
1 0.342000 0.071000 0.021000 0.046000
1 0.344000 0.119333 0.022000 0.045333
0 0.357500 0.099000 0.008000 0.027333
1 0.187250 0.139000 0.058500 0.039333
1 0.181750 0.175333 0.055500 0.033333
1 0.119750 0.283667 0.052500 0.038000
1 0.335250 0.231667 0.034500 0.058000
1 0.326000 0.307667 0.027000 0.066000
1 0.409750 0.288000 0.028500 0.064000
1 0.322500 0.405000 0.034000 0.080667
0 0.392750 0.349000 0.011500 0.022000
1 0.393250 0.479000 0.037500 0.084667
0 0.341750 0.446000 0.013500 0.020000
0 0.341500 0.468333 0.010000 0.015333
1 0.230500 0.335333 0.033000 0.069333
1 0.509500 0.343000 0.038000 0.068667
1 0.520750 0.478667 0.035500 0.082667
1 0.632000 0.520333 0.050000 0.102000
1 0.531500 0.582667 0.044000 0.116000
1 0.033250 0.846000 0.066500 0.077333
1 0.343500 0.939000 0.059000 0.119333
1 0.443750 0.879333 0.046500 0.161333
1 0.578750 0.953667 0.057500 0.092667