1 0.376429 0.927619 0.035714 0.106667
1 0.512500 0.867143 0.042143 0.115238
1 0.505000 0.730476 0.038571 0.100952
1 0.439286 0.730000 0.034286 0.092381
1 0.383571 0.637143 0.032857 0.080000
1 0.492857 0.605238 0.031429 0.077143
1 0.430357 0.584762 0.026429 0.074286
0 0.355714 0.577619 0.011429 0.020000
0 0.399643 0.556190 0.009286 0.019048
0 0.400000 0.550000 0.011429 0.018095
0 0.494643 0.472381 0.009286 0.015238
0 0.493214 0.468095 0.009286 0.016190
1 0.427500 0.465714 0.026429 0.066667
1 0.472143 0.381905 0.024286 0.053333
1 0.408929 0.358095 0.025000 0.053333
1 0.466786 0.329048 0.022143 0.046667
1 0.459643 0.281429 0.019286 0.040952
1 0.454643 0.226667 0.019286 0.040000
0 0.354643 0.268571 0.006429 0.013333
0 0.221071 0.897143 0.019286 0.032381
0 0.284643 0.808095 0.013571 0.023810
0 0.318571 0.750476 0.015714 0.028571
0 0.251071 0.704286 0.012143 0.021905
0 0.249643 0.769524 0.013571 0.026667
0 0.254286 0.739524 0.011429 0.025714
0 0.304286 0.516667 0.010000 0.018095
1 0.276071 0.542857 0.032143 0.074286
1 0.301071 0.340476 0.026429 0.048571
0 0.355357 0.188095 0.006429 0.014286
0 0.438571 0.112857 0.005714 0.014286
0 0.366071 0.050476 0.005000 0.011429
0 0.406786 0.024286 0.006429 0.010476
1 0.440357 0.047619 0.015000 0.026667
1 0.478929 0.070476 0.013571 0.019048
1 0.490000 0.037619 0.014286 0.021905
1 0.045714 0.916667 0.080000 0.088571
1 0.096429 0.791429 0.075714 0.049524
1 0.118214 0.744762 0.073571 0.047619
1 0.136786 0.704762 0.063571 0.043810
1 0.148214 0.671429 0.060714 0.040000
1 0.169643 0.631905 0.050714 0.040952
0 0.139286 0.646190 0.015714 0.021905
0 0.055357 0.725714 0.020714 0.030476
1 0.053214 0.635714 0.039286 0.077143
1 0.092857 0.592857 0.047143 0.080952
0 0.963214 0.802381 0.019286 0.025714
0 0.942857 0.678095 0.017143 0.022857
0 0.936071 0.663333 0.016429 0.021905
1 0.720714 0.416667 0.040000 0.050476
1 0.651786 0.369048 0.032143 0.044762
0 0.619286 0.370476 0.010000 0.017143
1 0.595000 0.323810 0.031429 0.043810
0 0.607143 0.290000 0.010000 0.014286
1 0.646071 0.302857 0.022143 0.038095
1 0.624286 0.272857 0.020000 0.037143
1 0.587857 0.159048 0.027143 0.028571
0 0.548214 0.147143 0.007857 0.012381
0 0.526071 0.110952 0.006429 0.012381
1 0.573214 0.108095 0.016429 0.025714
0 0.542500 0.084762 0.006429 0.011429
1 0.522143 0.072857 0.017143 0.025714
0 0.533214 0.049048 0.006429 0.012381
0 0.525000 0.029524 0.007143 0.011429
0 0.510000 0.013333 0.007143 0.009524
1 0.534643 0.007143 0.013571 0.014286
1 0.746786 0.150000 0.029286 0.021905
0 0.190714 0.332857 0.012857 0.020000
0 0.181786 0.298571 0.010714 0.020000