1 0.509395 0.831169 0.044885 0.059369
1 0.494259 0.535250 0.020877 0.053803
1 0.553758 0.590909 0.041754 0.035250
1 0.560543 0.561688 0.038622 0.034323
1 0.562630 0.528293 0.043841 0.028757
1 0.562109 0.460111 0.035491 0.029685
1 0.512526 0.386364 0.014614 0.034323
1 0.559760 0.323284 0.029749 0.023191
1 0.562370 0.306122 0.022443 0.016698
1 0.561848 0.299165 0.023486 0.019481
1 0.562891 0.245362 0.022443 0.017625
1 0.517484 0.231447 0.013048 0.025046
1 0.571503 0.225417 0.019833 0.018553
1 0.562891 0.222171 0.018267 0.023191
1 0.568372 0.198980 0.015658 0.012059
1 0.579071 0.175788 0.020355 0.013915
1 0.579332 0.184601 0.021921 0.014842
0 0.540188 0.185529 0.005219 0.011132
1 0.602818 0.105751 0.005219 0.012987
1 0.602557 0.125232 0.005741 0.012987
1 0.844729 0.413729 0.039144 0.029685
1 0.897182 0.511132 0.039666 0.029685
1 0.931367 0.277829 0.023486 0.026902
1 0.987996 0.349722 0.022965 0.033395
1 0.764614 0.006494 0.007307 0.009276
0 0.952505 0.269017 0.003132 0.009276
0 0.971816 0.285714 0.004175 0.016698
0 0.143528 0.663265 0.008351 0.029685