1 0.546451 0.815399 0.051148 0.081633
1 0.649530 0.676716 0.046451 0.052876
1 0.714770 0.669295 0.041232 0.051020
1 0.866388 0.617811 0.038622 0.053803
1 0.931628 0.169759 0.013570 0.022263
1 0.262787 0.576067 0.027662 0.050093
1 0.235386 0.607143 0.021921 0.052876
1 0.207463 0.591837 0.026618 0.048237
1 0.217119 0.537570 0.024008 0.052876
1 0.193372 0.556586 0.019311 0.042672
1 0.183194 0.505102 0.018789 0.034323
1 0.222599 0.447124 0.018267 0.037106
1 0.265397 0.435065 0.018267 0.037106
1 0.173800 0.465677 0.015658 0.040816
1 0.183977 0.404917 0.017223 0.036178
1 0.164927 0.427644 0.020877 0.031540
1 0.175104 0.370130 0.015136 0.027829
1 0.153706 0.398423 0.015136 0.030612
1 0.147704 0.355751 0.015658 0.036178
1 0.178236 0.310761 0.016180 0.024119
1 0.152662 0.297310 0.013048 0.025046
1 0.133090 0.294063 0.012526 0.022263
1 0.124739 0.212894 0.012526 0.017625
1 0.108038 0.255102 0.011482 0.018553
1 0.143789 0.454545 0.019311 0.042672
0 0.107777 0.669759 0.006785 0.012987
0 0.095251 0.719852 0.009916 0.011132
0 0.111430 0.746753 0.006785 0.016698
0 0.622129 0.936456 0.007307 0.023191