1 0.109643 0.925761 0.125000 0.120558
1 0.670714 0.515228 0.062857 0.055838
1 0.770000 0.704949 0.084286 0.112944
1 0.966786 0.434645 0.057857 0.064721
1 0.276786 0.377538 0.029286 0.044416
1 0.302857 0.347716 0.030000 0.038071
1 0.315357 0.334391 0.029286 0.036802
1 0.410714 0.299492 0.035714 0.032995
1 0.570357 0.256345 0.029286 0.030457
1 0.605714 0.244924 0.030000 0.030457
1 0.675357 0.223985 0.027857 0.029188
1 0.808929 0.347081 0.035000 0.034264
1 0.714286 0.366117 0.037143 0.044416
1 0.655357 0.402919 0.042143 0.049492
1 0.399286 0.545051 0.041429 0.054569
1 0.469643 0.543147 0.040714 0.050761
1 0.493214 0.534898 0.045000 0.052030
1 0.540000 0.510152 0.042857 0.045685
1 0.491071 0.762690 0.075000 0.081218
1 0.567857 0.497462 0.038571 0.045685
1 0.588571 0.486041 0.038571 0.040609
1 0.649643 0.455584 0.040714 0.038071
1 0.767143 0.407360 0.032857 0.035533
1 0.246786 0.571066 0.022143 0.055838
1 0.118929 0.294416 0.013571 0.025381
1 0.157143 0.645305 0.062857 0.069797
1 0.203571 0.403553 0.024286 0.050761
0 0.938571 0.363579 0.010000 0.024112
1 0.396071 0.272843 0.023571 0.027919
1 0.521071 0.237310 0.019286 0.020305
1 0.563571 0.222716 0.022857 0.024112
0 0.239643 0.370558 0.005000 0.025381
0 0.235000 0.355330 0.004286 0.017766
0 0.238214 0.353426 0.005000 0.024112
0 0.285357 0.286168 0.003571 0.016497