1 0.108214 0.852381 0.093571 0.198095
1 0.163571 0.917143 0.081429 0.165714
1 0.471071 0.423810 0.065000 0.140952
0 0.246071 0.396667 0.027857 0.031429
0 0.276429 0.261429 0.018571 0.039048
0 0.759643 0.224286 0.017857 0.031429
1 0.951071 0.233333 0.097857 0.074286
1 0.957857 0.324762 0.084286 0.068571
1 0.969643 0.398095 0.059286 0.062857
1 0.963214 0.533333 0.073571 0.072381
1 0.966429 0.624286 0.067143 0.075238
1 0.967500 0.711905 0.065000 0.079048
1 0.598929 0.910952 0.065000 0.178095
0 0.858571 0.755238 0.027143 0.028571