1 0.177143 0.904822 0.044286 0.137056
1 0.508214 0.971447 0.043571 0.054569
1 0.540714 0.955584 0.051429 0.086294
1 0.572857 0.944797 0.055714 0.107868
1 0.607857 0.931472 0.052857 0.119289
1 0.347143 0.975888 0.031429 0.045685
1 0.486429 0.720178 0.047143 0.097716
1 0.627143 0.577411 0.041429 0.065990
1 0.589643 0.505076 0.033571 0.060914
1 0.476429 0.296320 0.030000 0.044416
1 0.420357 0.234772 0.023571 0.043147
1 0.453571 0.304569 0.022857 0.043147
1 0.420357 0.202411 0.020714 0.026650
1 0.400357 0.203046 0.019286 0.030457
1 0.435000 0.227157 0.018571 0.035533
1 0.407500 0.173223 0.022143 0.041878
0 0.519286 0.280457 0.005714 0.025381
0 0.515357 0.276015 0.005000 0.019036
0 0.473929 0.231599 0.005000 0.021574
1 0.363571 0.085025 0.034286 0.065990