0 0.001786 0.020305 0.003571 0.017766
0 0.020357 0.088832 0.007857 0.017766
0 0.030714 0.092640 0.008571 0.020305
0 0.027143 0.050127 0.004286 0.013959
0 0.034286 0.025381 0.005714 0.015228
0 0.041786 0.022208 0.005000 0.013959
0 0.042143 0.029188 0.005714 0.012690
0 0.023214 0.024746 0.005000 0.016497
0 0.015714 0.032360 0.007143 0.016497
0 0.027143 0.028553 0.005714 0.013959
1 0.051786 0.293147 0.047857 0.058376
1 0.061786 0.310914 0.049286 0.055838
1 0.066071 0.335660 0.043571 0.049492
1 0.063571 0.388325 0.027143 0.053299
1 0.114286 0.352157 0.041429 0.039340
1 0.108571 0.378807 0.047143 0.046954
1 0.081429 0.439721 0.024286 0.057107
1 0.068571 0.585660 0.032857 0.079949
0 0.165357 0.084391 0.003571 0.013959
0 0.191071 0.216371 0.005000 0.021574
0 0.219643 0.281726 0.006429 0.020305
0 0.230000 0.316624 0.005714 0.021574
0 0.263571 0.548858 0.007143 0.024112
0 0.286786 0.569797 0.006429 0.025381
0 0.277143 0.659898 0.007143 0.020305
0 0.189643 0.797589 0.009286 0.031726
1 0.566071 0.737310 0.036429 0.088832
1 0.540714 0.567259 0.025714 0.068528
1 0.529643 0.484137 0.020714 0.064721
1 0.516071 0.385787 0.022143 0.071066
1 0.496429 0.310914 0.024286 0.060914
1 0.423571 0.155457 0.035714 0.036802
1 0.466786 0.258883 0.022143 0.050761
0 0.474286 0.160533 0.002857 0.019036
0 0.477857 0.159264 0.004286 0.024112