1 0.164286 0.983333 0.055714 0.033333
1 0.239286 0.875714 0.031429 0.071429
1 0.237500 0.810000 0.050714 0.048571
1 0.221786 0.775714 0.056429 0.035238
1 0.242500 0.728095 0.050714 0.037143
1 0.224286 0.688571 0.055714 0.038095
1 0.211071 0.566190 0.045000 0.031429
1 0.203214 0.435714 0.047857 0.029524
1 0.257500 0.374286 0.017857 0.045714
1 0.213571 0.310476 0.037143 0.026667
1 0.244286 0.162857 0.017143 0.034286
1 0.242143 0.111905 0.015714 0.037143
1 0.248571 0.198571 0.015714 0.031429
1 0.228571 0.180952 0.018571 0.041905
1 0.332857 0.212857 0.017143 0.042857
1 0.268214 0.230476 0.017857 0.043810
1 0.315714 0.017143 0.015714 0.034286
1 0.193214 0.012381 0.035000 0.020952
1 0.264643 0.111429 0.016429 0.036190
1 0.268571 0.192381 0.017143 0.040000
1 0.248571 0.230000 0.015714 0.037143
1 0.250714 0.647143 0.047143 0.037143
1 0.319286 0.644762 0.031429 0.066667
1 0.413214 0.655714 0.022143 0.056190
1 0.261429 0.425714 0.021429 0.045714
1 0.252143 0.465238 0.045714 0.027619
1 0.237857 0.409524 0.020000 0.055238
1 0.205714 0.539524 0.044286 0.033333
1 0.205000 0.469048 0.044286 0.031429
1 0.213214 0.335714 0.042143 0.029524
1 0.203214 0.399524 0.036429 0.040952
1 0.200357 0.370476 0.037857 0.045714
1 0.283214 0.415238 0.022143 0.057143
1 0.277143 0.367143 0.020000 0.046667
1 0.765000 0.192381 0.034286 0.024762
1 0.915000 0.519048 0.041429 0.028571
1 0.562857 0.640952 0.045714 0.034286
0 0.530357 0.756190 0.007857 0.015238
0 0.498571 0.775714 0.005714 0.014286
0 0.332143 0.503333 0.008571 0.010476
1 0.475000 0.982381 0.020000 0.035238
1 0.438214 0.300476 0.017857 0.039048
1 0.412143 0.128571 0.015714 0.034286
1 0.193929 0.288095 0.037857 0.027619
1 0.191071 0.267143 0.032143 0.027619
0 0.275714 0.334762 0.008571 0.018095
0 0.368214 0.979524 0.010714 0.014286
0 0.309643 0.201429 0.006429 0.010476
0 0.310714 0.274286 0.008571 0.013333