1 0.502500 0.896000 0.060000 0.154667
1 0.562750 0.847667 0.056500 0.139333
1 0.639250 0.787333 0.078500 0.108000
1 0.758750 0.970000 0.079500 0.060000
1 0.689000 0.971333 0.066000 0.057333
1 0.678500 0.871333 0.094000 0.113333
1 0.784000 0.525667 0.039000 0.044667
1 0.711750 0.470000 0.029500 0.032000
1 0.692500 0.429667 0.042000 0.027333
1 0.939000 0.604667 0.042000 0.048000
1 0.976750 0.682333 0.046500 0.080667
1 0.980500 0.597667 0.039000 0.062000
1 0.397250 0.829667 0.114500 0.087333
1 0.341250 0.790333 0.124500 0.080667
1 0.340250 0.742667 0.106500 0.064000
1 0.354500 0.695333 0.103000 0.057333
1 0.375000 0.651333 0.091000 0.057333
1 0.359500 0.629333 0.088000 0.053333
1 0.419750 0.581000 0.072500 0.056667
1 0.367750 0.553333 0.070500 0.048000
1 0.420000 0.541000 0.068000 0.043333
1 0.573250 0.519333 0.051500 0.049333
1 0.548250 0.473667 0.044500 0.039333
1 0.376750 0.508333 0.068500 0.035333
1 0.539750 0.461667 0.043500 0.028667
1 0.565250 0.438000 0.056500 0.034667
1 0.445000 0.446000 0.021000 0.041333
1 0.429250 0.421667 0.051500 0.034000
1 0.415750 0.413667 0.035500 0.027333
1 0.386750 0.402333 0.035500 0.027333
1 0.395250 0.394333 0.040500 0.026000
1 0.405500 0.388667 0.040000 0.022667
1 0.390500 0.362000 0.034000 0.026667
1 0.405500 0.354667 0.027000 0.020000
1 0.415250 0.346667 0.030500 0.016000
0 0.445000 0.380000 0.008000 0.021333
0 0.453250 0.316333 0.006500 0.016667
1 0.443000 0.318667 0.012000 0.020000
1 0.448250 0.303667 0.010500 0.018000
1 0.448750 0.291333 0.010500 0.016000
0 0.457750 0.305000 0.005500 0.018000
0 0.457500 0.300333 0.006000 0.015333
0 0.454000 0.264000 0.004000 0.009333
0 0.455500 0.268333 0.004000 0.006000
1 0.467250 0.264667 0.010500 0.010667
1 0.453500 0.214667 0.010000 0.006667